Scene{
    name = "Scene"; 
    nodes = [Node{
        name = "Lantern"; 
        parent_index = -1; 
        children_indices = [1, 2, 3]; 
        first_mesh_index = -1; 
        mesh_count = 0; 
        local_transform = Matrix4{
            _11 = -1; 
            _12 = 0; 
            _13 = 0; 
            _14 = 0; 
            _21 = 0; 
            _22 = 1; 
            _23 = 0; 
            _24 = 0; 
            _31 = 0; 
            _32 = 0; 
            _33 = -1; 
            _34 = 0; 
            _41 = 0; 
            _42 = 0; 
            _43 = 0; 
            _44 = 1; 
        }; 
    }, Node{
        name = "LanternPole_Body"; 
        parent_index = 0; 
        children_indices = []; 
        first_mesh_index = 0; 
        mesh_count = 1; 
        local_transform = Matrix4{
            _11 = 1; 
            _12 = 0; 
            _13 = 0; 
            _14 = -3.823154; 
            _21 = 0; 
            _22 = 1; 
            _23 = 0; 
            _24 = 13.01603; 
            _31 = 0; 
            _32 = 0; 
            _33 = 1; 
            _34 = 0; 
            _41 = 0; 
            _42 = 0; 
            _43 = 0; 
            _44 = 1; 
        }; 
    }, Node{
        name = "LanternPole_Chain"; 
        parent_index = 0; 
        children_indices = []; 
        first_mesh_index = 1; 
        mesh_count = 1; 
        local_transform = Matrix4{
            _11 = 1; 
            _12 = 0; 
            _13 = 0; 
            _14 = -9.582001; 
            _21 = 0; 
            _22 = 1; 
            _23 = 0; 
            _24 = 21.037872; 
            _31 = 0; 
            _32 = 0; 
            _33 = 1; 
            _34 = 0; 
            _41 = 0; 
            _42 = 0; 
            _43 = 0; 
            _44 = 1; 
        }; 
    }, Node{
        name = "LanternPole_Lantern"; 
        parent_index = 0; 
        children_indices = []; 
        first_mesh_index = 2; 
        mesh_count = 1; 
        local_transform = Matrix4{
            _11 = 1; 
            _12 = 0; 
            _13 = 0; 
            _14 = -9.582007; 
            _21 = 0; 
            _22 = 1; 
            _23 = 0; 
            _24 = 18.009151; 
            _31 = 0; 
            _32 = 0; 
            _33 = 1; 
            _34 = 0; 
            _41 = 0; 
            _42 = 0; 
            _43 = 0; 
            _44 = 1; 
        }; 
    }]; 
    meshes = [Mesh{
        name = "LanternPole_Body"; 
        vertices = []; 
        indices = [2, 1, 0, 3, 2, 0, 6, 5, 4, 7, 6, 4, 10, 9, 8, 11, 10, 8, 14, 13, 12, 15, 14, 12, 18, 17, 16, 19, 18, 16, 22, 21, 20, 23, 22, 20, 26, 25, 24, 27, 26, 24, 30, 29, 28, 31, 30, 28, 34, 33, 32, 35, 34, 32, 38, 37, 36, 39, 38, 36, 42, 41, 40, 43, 42, 40, 46, 45, 44, 47, 46, 44, 50, 49, 48, 51, 50, 48, 54, 53, 52, 55, 54, 52, 58, 57, 56, 59, 58, 56, 62, 61, 60, 63, 62, 60, 66, 65, 64, 67, 66, 64, 70, 69, 68, 71, 70, 68, 74, 73, 72, 75, 74, 72, 78, 77, 76, 79, 78, 76, 82, 81, 80, 83, 82, 80, 86, 85, 84, 87, 86, 84, 90, 89, 88, 91, 90, 88, 94, 93, 92, 95, 94, 92, 98, 97, 96, 99, 98, 96, 102, 101, 100, 103, 102, 100, 106, 105, 104, 107, 106, 104, 110, 109, 108, 111, 110, 108, 114, 113, 112, 115, 114, 112, 118, 117, 116, 119, 118, 116, 122, 121, 120, 123, 122, 120, 126, 125, 124, 127, 126, 124, 130, 129, 128, 131, 130, 128, 134, 133, 132, 135, 134, 132, 138, 137, 136, 139, 138, 136, 142, 141, 140, 143, 142, 140, 146, 145, 144, 147, 146, 144, 150, 149, 148, 151, 150, 148, 154, 153, 152, 155, 154, 152, 158, 157, 156, 159, 158, 156, 162, 161, 160, 163, 162, 160, 166, 165, 164, 167, 166, 164, 170, 169, 168, 171, 170, 168, 174, 173, 172, 175, 174, 172, 178, 177, 176, 179, 178, 176, 182, 181, 180, 183, 182, 180, 186, 185, 184, 187, 186, 184, 190, 189, 188, 191, 190, 188, 194, 193, 192, 195, 194, 192, 198, 197, 196, 199, 198, 196, 202, 201, 200, 203, 202, 200, 202, 204, 201, 204, 205, 201, 204, 206, 205, 206, 207, 205, 200, 201, 208, 209, 200, 208, 209, 208, 210, 208, 211, 210, 208, 212, 211, 201, 205, 212, 208, 201, 212, 212, 213, 211, 212, 214, 213, 205, 207, 214, 212, 205, 214, 214, 215, 213, 218, 217, 216, 219, 218, 216, 220, 218, 219, 221, 220, 219, 220, 222, 218, 222, 223, 218, 218, 223, 217, 223, 224, 217, 222, 225, 223, 225, 226, 223, 223, 226, 224, 226, 227, 224, 221, 228, 220, 228, 229, 220, 220, 229, 222, 229, 230, 222, 222, 230, 225, 230, 231, 225, 216, 217, 232, 219, 216, 232, 224, 227, 233, 234, 224, 233, 234, 233, 235, 234, 235, 236, 237, 234, 236, 237, 236, 238, 232, 237, 238, 239, 232, 238, 240, 239, 238, 240, 241, 239, 241, 242, 239, 233, 243, 235, 243, 233, 244, 233, 245, 244, 244, 245, 246, 245, 247, 246, 241, 248, 242, 248, 249, 242, 248, 250, 249, 250, 251, 249, 250, 252, 251, 252, 253, 251, 252, 254, 253, 246, 247, 254, 254, 255, 253, 247, 255, 254, 245, 226, 247, 227, 226, 245, 233, 227, 245, 226, 225, 247, 247, 225, 255, 225, 231, 255, 255, 231, 230, 253, 255, 230, 253, 230, 229, 251, 253, 229, 251, 229, 228, 249, 251, 228, 249, 228, 221, 242, 249, 221, 242, 221, 219, 239, 242, 219, 239, 219, 232, 217, 237, 232, 237, 217, 234, 217, 224, 234, 258, 257, 256, 259, 258, 256, 259, 256, 260, 261, 259, 260, 261, 260, 262, 260, 263, 262, 264, 256, 257, 265, 264, 257, 266, 264, 265, 267, 266, 265, 264, 266, 268, 268, 260, 256, 264, 268, 256, 266, 269, 268, 269, 270, 268, 270, 271, 268, 271, 263, 260, 268, 271, 260, 274, 273, 272, 275, 274, 272, 272, 273, 276, 273, 277, 276, 274, 278, 273, 278, 279, 273, 273, 279, 277, 279, 280, 277, 278, 281, 279, 281, 282, 279, 279, 282, 280, 282, 283, 280, 280, 283, 284, 283, 285, 284, 280, 284, 286, 277, 280, 286, 277, 286, 287, 276, 277, 287, 288, 274, 275, 289, 288, 275, 290, 288, 289, 291, 290, 289, 291, 289, 292, 289, 293, 292, 292, 293, 294, 293, 295, 294, 288, 290, 296, 290, 297, 296, 297, 298, 296, 298, 299, 296, 300, 299, 298, 301, 300, 298, 301, 302, 300, 302, 303, 300, 302, 304, 303, 304, 305, 303, 305, 304, 306, 307, 305, 306, 307, 306, 308, 309, 307, 308, 309, 308, 310, 311, 309, 310, 295, 311, 310, 294, 295, 310, 295, 276, 311, 272, 276, 295, 293, 272, 295, 275, 272, 293, 289, 275, 293, 276, 287, 311, 311, 287, 309, 287, 286, 309, 309, 286, 307, 286, 284, 307, 307, 284, 305, 284, 285, 305, 305, 285, 283, 303, 305, 283, 303, 283, 282, 300, 303, 282, 300, 282, 299, 282, 281, 299, 299, 281, 278, 296, 299, 278, 296, 278, 274, 288, 296, 274, 314, 313, 312, 315, 314, 312, 312, 313, 316, 317, 312, 316, 317, 316, 318, 316, 319, 318, 316, 320, 319, 320, 321, 319, 320, 322, 321, 323, 322, 320, 324, 323, 320, 324, 320, 316, 313, 324, 316, 325, 323, 324, 326, 325, 324, 326, 324, 313, 314, 326, 313, 322, 327, 321, 330, 329, 328, 331, 330, 328, 331, 332, 330, 332, 333, 330, 332, 334, 333, 334, 335, 333, 330, 336, 329, 336, 337, 329, 336, 338, 337, 338, 339, 337, 336, 340, 338, 330, 333, 340, 336, 330, 340, 340, 341, 338, 340, 342, 341, 333, 335, 342, 340, 333, 342, 342, 343, 341, 346, 345, 344, 347, 346, 344, 346, 348, 345, 348, 349, 345, 348, 350, 349, 350, 351, 349, 349, 351, 352, 351, 353, 352, 349, 352, 354, 345, 349, 354, 345, 354, 355, 344, 345, 355, 358, 357, 356, 359, 358, 356, 356, 357, 360, 357, 361, 360, 360, 361, 362, 361, 363, 362, 358, 364, 357, 364, 365, 357, 357, 365, 361, 365, 366, 361, 361, 366, 363, 366, 367, 363, 370, 369, 368, 371, 370, 368, 370, 372, 369, 372, 373, 369, 372, 374, 373, 374, 375, 373, 376, 370, 371, 370, 376, 372, 377, 376, 371, 376, 378, 372, 372, 378, 374, 378, 379, 374, 382, 381, 380, 383, 382, 380, 383, 384, 382, 384, 385, 382, 384, 386, 385, 386, 387, 385, 385, 387, 388, 387, 389, 388, 385, 388, 390, 382, 385, 390, 382, 390, 381, 390, 391, 381, 394, 393, 392, 395, 394, 392, 394, 396, 393, 396, 397, 393, 396, 398, 397, 398, 399, 397, 397, 399, 400, 399, 401, 400, 400, 401, 402, 401, 403, 402, 400, 402, 404, 405, 400, 404, 397, 400, 405, 393, 397, 405, 405, 404, 406, 407, 405, 406, 393, 405, 407, 392, 393, 407, 410, 409, 408, 411, 410, 408, 408, 409, 412, 409, 413, 412, 412, 413, 414, 413, 415, 414, 410, 416, 409, 416, 417, 409, 409, 417, 413, 416, 418, 417, 418, 419, 417, 417, 419, 420, 417, 420, 413, 413, 420, 415, 419, 421, 420, 420, 421, 422, 420, 422, 415, 421, 423, 422, 426, 425, 424, 427, 426, 424, 426, 428, 425, 428, 429, 425, 428, 430, 429, 430, 431, 429, 427, 432, 426, 432, 433, 426, 426, 433, 428, 432, 434, 433, 434, 435, 433, 433, 435, 436, 433, 436, 428, 428, 436, 430, 435, 437, 436, 436, 437, 438, 436, 438, 430, 437, 439, 438, 442, 441, 440, 443, 442, 440, 442, 443, 444, 443, 445, 444, 445, 446, 444, 446, 447, 444, 442, 448, 441, 448, 449, 441, 448, 450, 449, 450, 451, 449, 448, 452, 450, 444, 447, 452, 442, 444, 452, 448, 442, 452, 452, 453, 450, 452, 454, 453, 447, 454, 452, 454, 455, 453, 458, 457, 456, 459, 458, 456, 458, 460, 457, 460, 461, 457, 460, 462, 461, 462, 463, 461, 459, 464, 458, 464, 465, 458, 458, 465, 460, 465, 466, 460, 460, 466, 462, 466, 467, 462, 470, 469, 468, 471, 470, 468, 468, 469, 472, 469, 473, 472, 472, 473, 474, 473, 475, 474, 472, 474, 476, 477, 472, 476, 468, 472, 477, 478, 468, 477, 471, 468, 478, 479, 471, 478, 482, 481, 480, 483, 482, 480, 481, 482, 484, 482, 485, 484, 485, 486, 484, 486, 487, 484, 480, 481, 488, 481, 489, 488, 481, 484, 489, 484, 487, 490, 484, 490, 489, 487, 491, 490, 494, 493, 492, 495, 494, 492, 495, 496, 494, 496, 497, 494, 496, 498, 497, 498, 499, 497, 495, 492, 500, 501, 495, 500, 495, 501, 496, 501, 502, 496, 496, 502, 498, 502, 503, 498, 506, 505, 504, 507, 506, 504, 506, 508, 505, 508, 509, 505, 508, 510, 509, 510, 511, 509, 507, 512, 506, 512, 513, 506, 506, 513, 508, 513, 514, 508, 508, 514, 510, 514, 515, 510, 518, 517, 516, 519, 518, 516, 516, 517, 520, 517, 521, 520, 520, 521, 522, 521, 523, 522, 520, 522, 524, 525, 520, 524, 516, 520, 525, 526, 516, 525, 519, 516, 526, 527, 519, 526, 530, 529, 528, 531, 530, 528, 529, 530, 532, 530, 533, 532, 533, 534, 532, 534, 535, 532, 528, 529, 536, 529, 537, 536, 529, 532, 537, 532, 535, 538, 532, 538, 537, 535, 539, 538, 542, 541, 540, 543, 542, 540, 543, 544, 542, 544, 545, 542, 544, 546, 545, 546, 547, 545, 543, 540, 548, 549, 543, 548, 543, 549, 544, 549, 550, 544, 544, 550, 546, 550, 551, 546, 554, 553, 552, 555, 554, 552, 552, 553, 556, 553, 557, 556, 556, 557, 558, 557, 559, 558, 558, 559, 560, 559, 561, 560, 560, 561, 562, 561, 563, 562, 562, 563, 564, 563, 565, 564, 564, 565, 566, 565, 567, 566, 566, 567, 568, 567, 569, 568, 568, 569, 570, 569, 571, 570, 570, 571, 572, 571, 573, 572, 572, 573, 574, 573, 575, 574, 574, 575, 576, 575, 577, 576, 576, 577, 578, 577, 579, 578, 582, 581, 580, 583, 582, 580, 580, 581, 584, 581, 585, 584, 584, 585, 586, 585, 587, 586, 586, 587, 588, 587, 589, 588, 588, 589, 590, 589, 591, 590, 590, 591, 592, 591, 593, 592, 592, 593, 594, 593, 595, 594, 594, 595, 596, 595, 597, 596, 596, 597, 598, 597, 599, 598, 598, 599, 600, 599, 601, 600, 600, 601, 602, 601, 603, 602, 604, 582, 583, 605, 604, 583, 606, 604, 605, 607, 606, 605, 610, 609, 608, 611, 610, 608, 614, 613, 612, 615, 614, 612, 616, 614, 615, 617, 616, 615, 618, 616, 617, 619, 618, 617, 620, 618, 619, 621, 620, 619, 622, 620, 621, 623, 622, 621, 624, 622, 623, 625, 624, 623, 626, 624, 625, 627, 626, 625, 628, 626, 627, 629, 628, 627, 630, 628, 629, 631, 630, 629, 632, 630, 631, 633, 632, 631, 634, 632, 633, 635, 634, 633, 636, 634, 635, 637, 636, 635, 638, 636, 637, 639, 638, 637, 642, 641, 640, 643, 642, 640, 646, 645, 644, 647, 646, 644, 648, 646, 647, 649, 648, 647, 652, 651, 650, 653, 652, 650, 654, 652, 653, 655, 654, 653, 656, 654, 655, 657, 656, 655, 658, 656, 657, 659, 658, 657, 660, 658, 659, 661, 660, 659, 662, 660, 661, 663, 662, 661, 664, 662, 663, 665, 664, 663, 666, 664, 665, 667, 666, 665, 668, 666, 667, 669, 668, 667, 670, 668, 669, 671, 670, 669, 672, 670, 671, 673, 672, 671, 676, 675, 674, 677, 676, 674, 678, 674, 675, 674, 678, 679, 674, 679, 677, 678, 680, 679, 681, 678, 675, 678, 681, 682, 678, 682, 680, 681, 683, 682, 684, 681, 675, 681, 684, 683, 685, 684, 675, 675, 676, 685, 686, 684, 685, 687, 686, 685, 686, 687, 688, 688, 687, 689, 687, 690, 689, 687, 685, 690, 691, 686, 688, 692, 691, 688, 693, 692, 688, 688, 689, 693, 694, 692, 693, 695, 694, 693, 696, 686, 691, 686, 696, 684, 697, 696, 691, 691, 692, 697, 694, 695, 698, 698, 695, 699, 695, 700, 699, 695, 693, 700, 701, 694, 698, 702, 701, 698, 703, 702, 698, 698, 699, 703, 704, 702, 703, 705, 704, 703, 706, 694, 701, 694, 706, 692, 707, 706, 701, 701, 702, 707, 704, 705, 708, 708, 705, 709, 705, 710, 709, 705, 703, 710, 709, 710, 711, 710, 712, 711, 713, 704, 708, 714, 713, 708, 715, 714, 708, 708, 709, 715, 716, 704, 713, 704, 716, 702, 717, 716, 713, 713, 714, 717, 718, 716, 717, 719, 718, 717, 720, 718, 719, 718, 720, 721, 718, 721, 716, 720, 722, 721, 723, 720, 719, 724, 723, 719, 725, 724, 719, 719, 717, 725, 720, 723, 726, 720, 726, 722, 723, 727, 726, 723, 724, 727, 717, 728, 725, 714, 728, 717, 721, 729, 716, 716, 729, 702, 702, 729, 707, 726, 730, 722, 724, 731, 727, 734, 733, 732, 711, 734, 732, 711, 712, 734, 712, 735, 734, 736, 735, 712, 737, 736, 712, 738, 734, 735, 734, 738, 733, 739, 738, 735, 735, 736, 739, 711, 732, 709, 732, 740, 709, 709, 740, 715, 712, 710, 737, 710, 741, 737, 703, 741, 710, 699, 741, 703, 736, 742, 739, 738, 743, 733, 679, 744, 677, 682, 745, 680, 689, 746, 693, 693, 746, 700, 692, 747, 697, 706, 747, 692, 676, 748, 685, 685, 748, 690, 684, 749, 683, 696, 749, 684, 752, 751, 750, 753, 752, 750, 756, 755, 754, 757, 756, 754, 760, 759, 758, 761, 760, 758, 764, 763, 762, 765, 764, 762, 768, 767, 766, 769, 768, 766, 772, 771, 770, 773, 772, 770, 776, 775, 774, 777, 776, 774, 780, 779, 778, 781, 780, 778, 784, 783, 782, 785, 784, 782, 788, 787, 786, 789, 788, 786, 792, 791, 790, 793, 792, 790, 796, 795, 794, 797, 796, 794, 800, 799, 798, 801, 800, 798, 800, 802, 799, 802, 803, 799, 801, 798, 804, 805, 801, 804, 804, 806, 805, 806, 807, 805, 806, 808, 807, 808, 809, 807, 808, 810, 809, 810, 811, 809, 810, 812, 811, 812, 813, 811, 816, 815, 814, 817, 816, 814, 816, 818, 815, 818, 819, 815, 817, 814, 820, 821, 817, 820, 820, 822, 821, 822, 823, 821, 822, 824, 823, 824, 825, 823, 824, 826, 825, 826, 827, 825, 826, 828, 827, 828, 829, 827, 832, 831, 830, 833, 832, 830, 832, 834, 831, 834, 835, 831, 833, 830, 836, 837, 833, 836, 836, 838, 837, 838, 839, 837, 838, 840, 839, 840, 841, 839, 840, 842, 841, 842, 843, 841, 842, 844, 843, 844, 845, 843, 848, 847, 846, 849, 848, 846, 848, 850, 847, 850, 851, 847, 849, 846, 852, 853, 849, 852, 852, 854, 853, 854, 855, 853, 854, 856, 855, 856, 857, 855, 856, 858, 857, 858, 859, 857, 858, 860, 859, 860, 861, 859, 864, 863, 862, 865, 864, 862, 865, 866, 864, 866, 867, 864, 866, 868, 867, 868, 869, 867, 868, 870, 869, 870, 871, 869, 863, 872, 862, 872, 873, 862, 872, 874, 873, 874, 875, 873, 874, 876, 875, 876, 877, 875, 880, 879, 878, 881, 880, 878, 881, 882, 880, 882, 883, 880, 882, 884, 883, 884, 885, 883, 884, 886, 885, 886, 887, 885, 879, 888, 878, 888, 889, 878, 888, 890, 889, 890, 891, 889, 890, 892, 891, 892, 893, 891, 896, 895, 894, 897, 896, 894, 897, 898, 896, 898, 899, 896, 898, 900, 899, 900, 901, 899, 900, 902, 901, 902, 903, 901, 895, 904, 894, 904, 905, 894, 904, 906, 905, 906, 907, 905, 906, 908, 907, 908, 909, 907, 912, 911, 910, 913, 912, 910, 913, 914, 912, 914, 915, 912, 914, 916, 915, 916, 917, 915, 916, 918, 917, 918, 919, 917, 911, 920, 910, 920, 921, 910, 920, 922, 921, 922, 923, 921, 922, 924, 923, 924, 925, 923]; 
        mode = TRIANGLES; 
        material = Material{
            name = "LanternPost_Mat"; 
            double_sided = false; 
            alpha_mode = OPAQUE; 
            alpha_cutoff = 0.5; 
            pbr_metallic_roughness = PBR_Metallic_Roughness{
                base_color_factor = Vector4{
                    x = 1; 
                    y = 1; 
                    z = 1; 
                    w = 1; 
                }; 
                metallic_factor = 1; 
                roughness_factor = 1; 
                base_color_texture = Texture{
                    image_path = "/home/irving_wash/Documents/PPG/Jai_GLTF/./assets/lantern/Image_0.png"; 
                    mag_filter = LINEAR; 
                    min_filter = LINEAR_MIPMAP_LINEAR; 
                    wrap_s = REPEAT; 
                    wrap_t = REPEAT; 
                }; 
                metallic_roughness_texture = Texture{
                    image_path = "/home/irving_wash/Documents/PPG/Jai_GLTF/./assets/lantern/Image_1.png"; 
                    mag_filter = LINEAR; 
                    min_filter = LINEAR_MIPMAP_LINEAR; 
                    wrap_s = REPEAT; 
                    wrap_t = REPEAT; 
                }; 
            }; 
            normal_texture = Normal_Texture{
                scale = 1; 
                texture = Texture{
                    image_path = "/home/irving_wash/Documents/PPG/Jai_GLTF/./assets/lantern/Image_2.png"; 
                    mag_filter = LINEAR; 
                    min_filter = LINEAR_MIPMAP_LINEAR; 
                    wrap_s = REPEAT; 
                    wrap_t = REPEAT; 
                }; 
            }; 
            occlusion_texture = Occlusion_Texture{
                strength = 1; 
                texture = Texture{
                    image_path = ""; 
                    mag_filter = UNKNOWN; 
                    min_filter = UNKNOWN; 
                    wrap_s = REPEAT; 
                    wrap_t = REPEAT; 
                }; 
            }; 
            emissive_texture = Emissive_Texture{
                factor = Vector3{
                    x = 1; 
                    y = 1; 
                    z = 1; 
                }; 
                texture = Texture{
                    image_path = "/home/irving_wash/Documents/PPG/Jai_GLTF/./assets/lantern/Image_3.png"; 
                    mag_filter = LINEAR; 
                    min_filter = LINEAR_MIPMAP_LINEAR; 
                    wrap_s = REPEAT; 
                    wrap_t = REPEAT; 
                }; 
            }; 
        }; 
        min_position = Vector3{
            x = -7.745599; 
            y = -12.832109; 
            z = -2.31571; 
        }; 
        max_position = Vector3{
            x = 7.745599; 
            y = 12.832109; 
            z = 2.31571; 
        }; 
    }, Mesh{
        name = "LanternPole_Chain"; 
        vertices = []; 
        indices = [2, 1, 0, 3, 2, 0, 0, 1, 4, 1, 5, 4, 4, 5, 6, 5, 7, 6, 6, 7, 8, 7, 9, 8, 2, 10, 1, 10, 11, 1, 1, 11, 5, 11, 12, 5, 5, 12, 7, 12, 13, 7, 7, 13, 9, 13, 14, 9, 10, 15, 11, 15, 16, 11, 11, 16, 12, 16, 17, 12, 12, 17, 13, 17, 18, 13, 13, 18, 14, 18, 19, 14, 15, 20, 16, 20, 21, 16, 16, 21, 17, 21, 22, 17, 17, 22, 18, 22, 23, 18, 18, 23, 19, 23, 24, 19, 20, 25, 21, 25, 26, 21, 21, 26, 22, 26, 27, 22, 22, 27, 23, 27, 28, 23, 23, 28, 24, 28, 29, 24, 25, 30, 26, 30, 31, 26, 26, 31, 27, 31, 32, 27, 27, 32, 28, 32, 33, 28, 28, 33, 29, 33, 34, 29, 30, 35, 31, 35, 36, 31, 31, 36, 32, 36, 37, 32, 32, 37, 33, 37, 38, 33, 33, 38, 34, 38, 39, 34, 35, 40, 36, 40, 41, 36, 36, 41, 37, 41, 42, 37, 37, 42, 38, 42, 43, 38, 38, 43, 39, 43, 44, 39, 29, 34, 45, 29, 45, 46, 46, 45, 47, 46, 47, 48, 49, 46, 48, 49, 48, 50, 51, 49, 50, 51, 50, 52, 53, 51, 52, 53, 52, 54, 55, 53, 54, 45, 56, 47, 45, 57, 56, 57, 58, 56, 57, 59, 58, 59, 60, 58, 60, 59, 61, 62, 60, 61, 9, 53, 55, 8, 9, 55, 14, 51, 53, 9, 14, 53, 14, 19, 51, 19, 49, 51, 19, 24, 49, 24, 46, 49, 24, 29, 46, 39, 59, 57, 34, 39, 57, 34, 57, 45, 44, 61, 59, 39, 44, 59, 65, 64, 63, 66, 65, 63, 64, 65, 67, 68, 64, 67, 68, 67, 69, 70, 68, 69, 70, 69, 71, 72, 70, 71, 72, 71, 73, 74, 72, 73, 74, 73, 75, 76, 74, 75, 76, 75, 77, 78, 76, 77, 78, 77, 79, 80, 78, 79, 79, 77, 3, 77, 2, 3, 77, 75, 2, 75, 10, 2, 75, 73, 10, 73, 15, 10, 73, 71, 15, 71, 20, 15, 71, 69, 20, 69, 25, 20, 69, 67, 25, 67, 30, 25, 67, 65, 30, 65, 35, 30, 65, 66, 35, 66, 40, 35, 83, 82, 81, 84, 83, 81, 85, 83, 84, 86, 85, 84, 83, 87, 82, 87, 88, 82, 89, 87, 83, 85, 89, 83, 87, 90, 88, 90, 91, 88, 92, 90, 87, 89, 92, 87, 90, 93, 91, 93, 94, 91, 95, 93, 90, 92, 95, 90, 93, 96, 94, 96, 97, 94, 98, 96, 93, 95, 98, 93, 96, 99, 97, 99, 100, 97, 101, 99, 96, 98, 101, 96, 99, 102, 100, 102, 103, 100, 104, 102, 99, 101, 104, 99, 102, 105, 103, 105, 106, 103, 107, 105, 102, 104, 107, 102, 94, 97, 108, 94, 108, 109, 109, 108, 110, 109, 110, 111, 112, 109, 111, 112, 111, 113, 114, 112, 113, 114, 113, 115, 116, 114, 115, 108, 117, 110, 108, 118, 117, 118, 119, 117, 118, 120, 119, 120, 121, 119, 120, 122, 121, 122, 123, 121, 123, 122, 124, 125, 123, 124, 82, 114, 116, 81, 82, 116, 115, 113, 126, 113, 127, 126, 126, 127, 128, 127, 129, 128, 128, 129, 130, 129, 131, 130, 130, 131, 132, 131, 133, 132, 132, 133, 134, 133, 135, 134, 127, 136, 129, 136, 137, 129, 129, 137, 131, 137, 138, 131, 131, 138, 133, 138, 139, 133, 133, 139, 135, 139, 140, 135, 136, 141, 137, 141, 142, 137, 137, 142, 138, 142, 143, 138, 138, 143, 139, 143, 144, 139, 139, 144, 140, 144, 145, 140, 141, 146, 142, 146, 147, 142, 142, 147, 143, 147, 148, 143, 143, 148, 144, 148, 149, 144, 144, 149, 145, 149, 150, 145, 146, 151, 147, 151, 152, 147, 147, 152, 148, 152, 153, 148, 148, 153, 149, 153, 154, 149, 149, 154, 150, 154, 155, 150, 151, 156, 152, 156, 157, 152, 152, 157, 153, 157, 158, 153, 153, 158, 154, 158, 159, 154, 154, 159, 155, 159, 160, 155, 156, 161, 157, 161, 162, 157, 157, 162, 158, 162, 163, 158, 158, 163, 159, 163, 164, 159, 159, 164, 160, 164, 165, 160, 161, 166, 162, 166, 167, 162, 162, 167, 163, 167, 168, 163, 163, 168, 164, 168, 169, 164, 164, 169, 165, 169, 170, 165, 155, 160, 171, 155, 171, 172, 172, 171, 173, 172, 173, 174, 175, 172, 174, 175, 174, 176, 177, 175, 176, 177, 176, 178, 179, 177, 178, 179, 178, 180, 181, 179, 180, 171, 182, 173, 171, 183, 182, 183, 184, 182, 183, 185, 184, 185, 186, 184, 186, 185, 187, 188, 186, 187, 135, 179, 181, 134, 135, 181, 180, 178, 189, 178, 190, 189, 189, 190, 191, 190, 192, 191, 191, 192, 193, 192, 194, 193, 190, 195, 192, 195, 196, 192, 192, 196, 194, 196, 197, 194, 195, 198, 196, 198, 199, 196, 196, 199, 197, 199, 200, 197, 198, 201, 199, 201, 202, 199, 199, 202, 200, 202, 203, 200, 201, 204, 202, 204, 205, 202, 202, 205, 203, 205, 206, 203, 204, 207, 205, 207, 208, 205, 205, 208, 206, 208, 209, 206, 207, 210, 208, 210, 211, 208, 208, 211, 209, 211, 212, 209, 210, 213, 211, 213, 214, 211, 211, 214, 212, 214, 215, 212, 182, 204, 201, 173, 182, 201, 184, 207, 204, 182, 184, 204, 186, 210, 207, 184, 186, 207, 188, 213, 210, 186, 188, 210, 173, 201, 198, 174, 173, 198, 174, 198, 195, 176, 174, 195, 176, 195, 190, 178, 176, 190, 88, 112, 114, 82, 88, 114, 88, 91, 112, 91, 109, 112, 91, 94, 109, 111, 136, 127, 113, 111, 127, 111, 110, 136, 110, 141, 136, 110, 117, 141, 117, 146, 141, 117, 119, 146, 119, 151, 146, 119, 121, 151, 121, 156, 151, 121, 123, 156, 123, 161, 156, 123, 125, 161, 125, 166, 161, 140, 177, 179, 135, 140, 179, 140, 145, 177, 145, 175, 177, 145, 150, 175, 150, 172, 175, 150, 155, 172, 97, 118, 108, 97, 100, 118, 100, 120, 118, 100, 103, 120, 103, 122, 120, 103, 106, 122, 106, 124, 122, 160, 183, 171, 160, 165, 183, 165, 185, 183, 165, 170, 185, 170, 187, 185, 218, 217, 216, 219, 218, 216, 220, 218, 219, 221, 220, 219, 218, 222, 217, 222, 223, 217, 224, 222, 218, 220, 224, 218, 222, 225, 223, 225, 226, 223, 227, 225, 222, 224, 227, 222, 225, 228, 226, 228, 229, 226, 230, 228, 225, 227, 230, 225, 228, 231, 229, 231, 232, 229, 233, 231, 228, 230, 233, 228, 231, 234, 232, 234, 235, 232, 236, 234, 231, 233, 236, 231, 234, 237, 235, 237, 238, 235, 239, 237, 234, 236, 239, 234, 237, 240, 238, 240, 241, 238, 242, 240, 237, 239, 242, 237, 229, 232, 243, 229, 243, 244, 244, 243, 245, 244, 245, 246, 247, 244, 246, 247, 246, 248, 249, 247, 248, 249, 248, 250, 251, 249, 250, 243, 252, 245, 243, 253, 252, 253, 254, 252, 253, 255, 254, 255, 256, 254, 255, 257, 256, 257, 258, 256, 258, 257, 259, 260, 258, 259, 217, 249, 251, 216, 217, 251, 250, 248, 261, 248, 262, 261, 261, 262, 263, 262, 264, 263, 263, 264, 265, 264, 266, 265, 265, 266, 267, 266, 268, 267, 267, 268, 269, 268, 270, 269, 262, 271, 264, 271, 272, 264, 264, 272, 266, 272, 273, 266, 266, 273, 268, 273, 274, 268, 268, 274, 270, 274, 275, 270, 271, 276, 272, 276, 277, 272, 272, 277, 273, 277, 278, 273, 273, 278, 274, 278, 279, 274, 274, 279, 275, 279, 280, 275, 276, 281, 277, 281, 282, 277, 277, 282, 278, 282, 283, 278, 278, 283, 279, 283, 284, 279, 279, 284, 280, 284, 285, 280, 281, 286, 282, 286, 287, 282, 282, 287, 283, 287, 288, 283, 283, 288, 284, 288, 289, 284, 284, 289, 285, 289, 290, 285, 286, 291, 287, 291, 292, 287, 287, 292, 288, 292, 293, 288, 288, 293, 289, 293, 294, 289, 289, 294, 290, 294, 295, 290, 291, 296, 292, 296, 297, 292, 292, 297, 293, 297, 298, 293, 293, 298, 294, 298, 299, 294, 294, 299, 295, 299, 300, 295, 296, 301, 297, 301, 302, 297, 297, 302, 298, 302, 303, 298, 298, 303, 299, 303, 304, 299, 299, 304, 300, 304, 305, 300, 290, 295, 306, 290, 306, 307, 307, 306, 308, 307, 308, 309, 310, 307, 309, 310, 309, 311, 312, 310, 311, 312, 311, 313, 314, 312, 313, 314, 313, 315, 316, 314, 315, 306, 317, 308, 306, 318, 317, 318, 319, 317, 318, 320, 319, 320, 321, 319, 321, 320, 322, 323, 321, 322, 270, 314, 316, 269, 270, 316, 315, 313, 324, 313, 325, 324, 324, 325, 326, 325, 327, 326, 326, 327, 328, 327, 329, 328, 325, 330, 327, 330, 331, 327, 327, 331, 329, 331, 332, 329, 330, 333, 331, 333, 334, 331, 331, 334, 332, 334, 335, 332, 333, 336, 334, 336, 337, 334, 334, 337, 335, 337, 338, 335, 336, 339, 337, 339, 340, 337, 337, 340, 338, 340, 341, 338, 339, 342, 340, 342, 343, 340, 340, 343, 341, 343, 344, 341, 342, 345, 343, 345, 346, 343, 343, 346, 344, 346, 347, 344, 345, 348, 346, 348, 349, 346, 346, 349, 347, 349, 350, 347, 317, 339, 336, 308, 317, 336, 319, 342, 339, 317, 319, 339, 321, 345, 342, 319, 321, 342, 323, 348, 345, 321, 323, 345, 308, 336, 333, 309, 308, 333, 309, 333, 330, 311, 309, 330, 311, 330, 325, 313, 311, 325, 223, 247, 249, 217, 223, 249, 223, 226, 247, 226, 244, 247, 226, 229, 244, 246, 271, 262, 248, 246, 262, 246, 245, 271, 245, 276, 271, 245, 252, 276, 252, 281, 276, 252, 254, 281, 254, 286, 281, 254, 256, 286, 256, 291, 286, 256, 258, 291, 258, 296, 291, 258, 260, 296, 260, 301, 296, 275, 312, 314, 270, 275, 314, 275, 280, 312, 280, 310, 312, 280, 285, 310, 285, 307, 310, 285, 290, 307, 232, 253, 243, 232, 235, 253, 235, 255, 253, 235, 238, 255, 238, 257, 255, 238, 241, 257, 241, 259, 257, 295, 318, 306, 295, 300, 318, 300, 320, 318, 300, 305, 320, 305, 322, 320, 353, 352, 351, 354, 353, 351, 355, 353, 354, 356, 355, 354, 353, 357, 352, 357, 358, 352, 359, 357, 353, 355, 359, 353, 357, 360, 358, 360, 361, 358, 362, 360, 357, 359, 362, 357, 360, 363, 361, 363, 364, 361, 365, 363, 360, 362, 365, 360, 363, 366, 364, 366, 367, 364, 368, 366, 363, 365, 368, 363, 366, 369, 367, 369, 370, 367, 371, 369, 366, 368, 371, 366, 369, 372, 370, 372, 373, 370, 374, 372, 369, 371, 374, 369, 372, 375, 373, 375, 376, 373, 377, 375, 372, 374, 377, 372, 364, 367, 378, 364, 378, 379, 379, 378, 380, 379, 380, 381, 382, 379, 381, 382, 381, 383, 384, 382, 383, 384, 383, 385, 386, 384, 385, 378, 387, 380, 378, 388, 387, 388, 389, 387, 388, 390, 389, 390, 391, 389, 390, 392, 391, 392, 393, 391, 393, 392, 394, 395, 393, 394, 352, 384, 386, 351, 352, 386, 385, 383, 396, 383, 397, 396, 396, 397, 398, 397, 399, 398, 398, 399, 400, 399, 401, 400, 400, 401, 402, 401, 403, 402, 402, 403, 404, 403, 405, 404, 397, 406, 399, 406, 407, 399, 399, 407, 401, 407, 408, 401, 401, 408, 403, 408, 409, 403, 403, 409, 405, 409, 410, 405, 406, 411, 407, 411, 412, 407, 407, 412, 408, 412, 413, 408, 408, 413, 409, 413, 414, 409, 409, 414, 410, 414, 415, 410, 411, 416, 412, 416, 417, 412, 412, 417, 413, 417, 418, 413, 413, 418, 414, 418, 419, 414, 414, 419, 415, 419, 420, 415, 416, 421, 417, 421, 422, 417, 417, 422, 418, 422, 423, 418, 418, 423, 419, 423, 424, 419, 419, 424, 420, 424, 425, 420, 421, 426, 422, 426, 427, 422, 422, 427, 423, 427, 428, 423, 423, 428, 424, 428, 429, 424, 424, 429, 425, 429, 430, 425, 426, 431, 427, 431, 432, 427, 427, 432, 428, 432, 433, 428, 428, 433, 429, 433, 434, 429, 429, 434, 430, 434, 435, 430, 431, 436, 432, 436, 437, 432, 432, 437, 433, 437, 438, 433, 433, 438, 434, 438, 439, 434, 434, 439, 435, 439, 440, 435, 425, 430, 441, 425, 441, 442, 442, 441, 443, 442, 443, 444, 445, 442, 444, 445, 444, 446, 447, 445, 446, 447, 446, 448, 449, 447, 448, 449, 448, 450, 451, 449, 450, 441, 452, 443, 441, 453, 452, 453, 454, 452, 453, 455, 454, 455, 456, 454, 456, 455, 457, 458, 456, 457, 405, 449, 451, 404, 405, 451, 450, 448, 459, 448, 460, 459, 459, 460, 461, 460, 462, 461, 461, 462, 463, 462, 464, 463, 460, 465, 462, 465, 466, 462, 462, 466, 464, 466, 467, 464, 465, 468, 466, 468, 469, 466, 466, 469, 467, 469, 470, 467, 468, 471, 469, 471, 472, 469, 469, 472, 470, 472, 473, 470, 471, 474, 472, 474, 475, 472, 472, 475, 473, 475, 476, 473, 474, 477, 475, 477, 478, 475, 475, 478, 476, 478, 479, 476, 477, 480, 478, 480, 481, 478, 478, 481, 479, 481, 482, 479, 480, 483, 481, 483, 484, 481, 481, 484, 482, 484, 485, 482, 452, 474, 471, 443, 452, 471, 454, 477, 474, 452, 454, 474, 456, 480, 477, 454, 456, 477, 458, 483, 480, 456, 458, 480, 443, 471, 468, 444, 443, 468, 444, 468, 465, 446, 444, 465, 446, 465, 460, 448, 446, 460, 358, 382, 384, 352, 358, 384, 358, 361, 382, 361, 379, 382, 361, 364, 379, 381, 406, 397, 383, 381, 397, 381, 380, 406, 380, 411, 406, 380, 387, 411, 387, 416, 411, 387, 389, 416, 389, 421, 416, 389, 391, 421, 391, 426, 421, 391, 393, 426, 393, 431, 426, 393, 395, 431, 395, 436, 431, 410, 447, 449, 405, 410, 449, 410, 415, 447, 415, 445, 447, 415, 420, 445, 420, 442, 445, 420, 425, 442, 367, 388, 378, 367, 370, 388, 370, 390, 388, 370, 373, 390, 373, 392, 390, 373, 376, 392, 376, 394, 392, 430, 453, 441, 430, 435, 453, 435, 455, 453, 435, 440, 455, 440, 457, 455, 488, 487, 486, 489, 488, 486, 490, 488, 489, 491, 490, 489, 488, 492, 487, 492, 493, 487, 494, 492, 488, 490, 494, 488, 492, 495, 493, 495, 496, 493, 497, 495, 492, 494, 497, 492, 495, 498, 496, 498, 499, 496, 500, 498, 495, 497, 500, 495, 498, 501, 499, 501, 502, 499, 503, 501, 498, 500, 503, 498, 501, 504, 502, 504, 505, 502, 506, 504, 501, 503, 506, 501, 504, 507, 505, 507, 508, 505, 509, 507, 504, 506, 509, 504, 507, 510, 508, 510, 511, 508, 512, 510, 507, 509, 512, 507, 499, 502, 513, 499, 513, 514, 514, 513, 515, 514, 515, 516, 517, 514, 516, 517, 516, 518, 519, 517, 518, 519, 518, 520, 521, 519, 520, 513, 522, 515, 513, 523, 522, 523, 524, 522, 523, 525, 524, 525, 526, 524, 525, 527, 526, 527, 528, 526, 528, 527, 529, 530, 528, 529, 487, 519, 521, 486, 487, 521, 520, 518, 531, 518, 532, 531, 531, 532, 533, 532, 534, 533, 533, 534, 535, 534, 536, 535, 535, 536, 537, 536, 538, 537, 537, 538, 539, 538, 540, 539, 532, 541, 534, 541, 542, 534, 534, 542, 536, 542, 543, 536, 536, 543, 538, 543, 544, 538, 538, 544, 540, 544, 545, 540, 541, 546, 542, 546, 547, 542, 542, 547, 543, 547, 548, 543, 543, 548, 544, 548, 549, 544, 544, 549, 545, 549, 550, 545, 546, 551, 547, 551, 552, 547, 547, 552, 548, 552, 553, 548, 548, 553, 549, 553, 554, 549, 549, 554, 550, 554, 555, 550, 551, 556, 552, 556, 557, 552, 552, 557, 553, 557, 558, 553, 553, 558, 554, 558, 559, 554, 554, 559, 555, 559, 560, 555, 556, 561, 557, 561, 562, 557, 557, 562, 558, 562, 563, 558, 558, 563, 559, 563, 564, 559, 559, 564, 560, 564, 565, 560, 561, 566, 562, 566, 567, 562, 562, 567, 563, 567, 568, 563, 563, 568, 564, 568, 569, 564, 564, 569, 565, 569, 570, 565, 566, 571, 567, 571, 572, 567, 567, 572, 568, 572, 573, 568, 568, 573, 569, 573, 574, 569, 569, 574, 570, 574, 575, 570, 560, 565, 576, 560, 576, 577, 577, 576, 578, 577, 578, 579, 580, 577, 579, 580, 579, 581, 582, 580, 581, 582, 581, 583, 584, 582, 583, 584, 583, 585, 586, 584, 585, 576, 587, 578, 576, 588, 587, 588, 589, 587, 588, 590, 589, 590, 591, 589, 591, 590, 592, 593, 591, 592, 540, 584, 586, 539, 540, 586, 585, 583, 594, 583, 595, 594, 594, 595, 596, 595, 597, 596, 596, 597, 598, 597, 599, 598, 595, 600, 597, 600, 601, 597, 597, 601, 599, 601, 602, 599, 600, 603, 601, 603, 604, 601, 601, 604, 602, 604, 605, 602, 603, 606, 604, 606, 607, 604, 604, 607, 605, 607, 608, 605, 606, 609, 607, 609, 610, 607, 607, 610, 608, 610, 611, 608, 609, 612, 610, 612, 613, 610, 610, 613, 611, 613, 614, 611, 612, 615, 613, 615, 616, 613, 613, 616, 614, 616, 617, 614, 615, 618, 616, 618, 619, 616, 616, 619, 617, 619, 620, 617, 587, 609, 606, 578, 587, 606, 589, 612, 609, 587, 589, 609, 591, 615, 612, 589, 591, 612, 593, 618, 615, 591, 593, 615, 578, 606, 603, 579, 578, 603, 579, 603, 600, 581, 579, 600, 581, 600, 595, 583, 581, 595, 493, 517, 519, 487, 493, 519, 493, 496, 517, 496, 514, 517, 496, 499, 514, 516, 541, 532, 518, 516, 532, 516, 515, 541, 515, 546, 541, 515, 522, 546, 522, 551, 546, 522, 524, 551, 524, 556, 551, 524, 526, 556, 526, 561, 556, 526, 528, 561, 528, 566, 561, 528, 530, 566, 530, 571, 566, 545, 582, 584, 540, 545, 584, 545, 550, 582, 550, 580, 582, 550, 555, 580, 555, 577, 580, 555, 560, 577, 502, 523, 513, 502, 505, 523, 505, 525, 523, 505, 508, 525, 508, 527, 525, 508, 511, 527, 511, 529, 527, 565, 588, 576, 565, 570, 588, 570, 590, 588, 570, 575, 590, 575, 592, 590, 623, 622, 621, 624, 623, 621, 625, 623, 624, 626, 625, 624, 623, 627, 622, 627, 628, 622, 629, 627, 623, 625, 629, 623, 627, 630, 628, 630, 631, 628, 632, 630, 627, 629, 632, 627, 630, 633, 631, 633, 634, 631, 635, 633, 630, 632, 635, 630, 633, 636, 634, 636, 637, 634, 638, 636, 633, 635, 638, 633, 636, 639, 637, 639, 640, 637, 641, 639, 636, 638, 641, 636, 639, 642, 640, 642, 643, 640, 644, 642, 639, 641, 644, 639, 642, 645, 643, 645, 646, 643, 647, 645, 642, 644, 647, 642, 634, 637, 648, 634, 648, 649, 649, 648, 650, 649, 650, 651, 652, 649, 651, 652, 651, 653, 654, 652, 653, 654, 653, 655, 656, 654, 655, 648, 657, 650, 648, 658, 657, 658, 659, 657, 658, 660, 659, 660, 661, 659, 660, 662, 661, 662, 663, 661, 663, 662, 664, 665, 663, 664, 622, 654, 656, 621, 622, 656, 655, 653, 666, 653, 667, 666, 666, 667, 668, 667, 669, 668, 668, 669, 670, 669, 671, 670, 670, 671, 672, 671, 673, 672, 672, 673, 674, 673, 675, 674, 667, 676, 669, 676, 677, 669, 669, 677, 671, 677, 678, 671, 671, 678, 673, 678, 679, 673, 673, 679, 675, 679, 680, 675, 676, 681, 677, 681, 682, 677, 677, 682, 678, 682, 683, 678, 678, 683, 679, 683, 684, 679, 679, 684, 680, 684, 685, 680, 681, 686, 682, 686, 687, 682, 682, 687, 683, 687, 688, 683, 683, 688, 684, 688, 689, 684, 684, 689, 685, 689, 690, 685, 686, 691, 687, 691, 692, 687, 687, 692, 688, 692, 693, 688, 688, 693, 689, 693, 694, 689, 689, 694, 690, 694, 695, 690, 691, 696, 692, 696, 697, 692, 692, 697, 693, 697, 698, 693, 693, 698, 694, 698, 699, 694, 694, 699, 695, 699, 700, 695, 696, 701, 697, 701, 702, 697, 697, 702, 698, 702, 703, 698, 698, 703, 699, 703, 704, 699, 699, 704, 700, 704, 705, 700, 701, 706, 702, 706, 707, 702, 702, 707, 703, 707, 708, 703, 703, 708, 704, 708, 709, 704, 704, 709, 705, 709, 710, 705, 695, 700, 711, 695, 711, 712, 712, 711, 713, 712, 713, 714, 715, 712, 714, 715, 714, 716, 717, 715, 716, 717, 716, 718, 719, 717, 718, 719, 718, 720, 721, 719, 720, 711, 722, 713, 711, 723, 722, 723, 724, 722, 723, 725, 724, 725, 726, 724, 726, 725, 727, 728, 726, 727, 675, 719, 721, 674, 675, 721, 720, 718, 729, 718, 730, 729, 729, 730, 731, 730, 732, 731, 731, 732, 733, 732, 734, 733, 730, 735, 732, 735, 736, 732, 732, 736, 734, 736, 737, 734, 735, 738, 736, 738, 739, 736, 736, 739, 737, 739, 740, 737, 738, 741, 739, 741, 742, 739, 739, 742, 740, 742, 743, 740, 741, 744, 742, 744, 745, 742, 742, 745, 743, 745, 746, 743, 744, 747, 745, 747, 748, 745, 745, 748, 746, 748, 749, 746, 747, 750, 748, 750, 751, 748, 748, 751, 749, 751, 752, 749, 750, 753, 751, 753, 754, 751, 751, 754, 752, 754, 755, 752, 722, 744, 741, 713, 722, 741, 724, 747, 744, 722, 724, 744, 726, 750, 747, 724, 726, 747, 728, 753, 750, 726, 728, 750, 713, 741, 738, 714, 713, 738, 714, 738, 735, 716, 714, 735, 716, 735, 730, 718, 716, 730, 628, 652, 654, 622, 628, 654, 628, 631, 652, 631, 649, 652, 631, 634, 649, 651, 676, 667, 653, 651, 667, 651, 650, 676, 650, 681, 676, 650, 657, 681, 657, 686, 681, 657, 659, 686, 659, 691, 686, 659, 661, 691, 661, 696, 691, 661, 663, 696, 663, 701, 696, 663, 665, 701, 665, 706, 701, 680, 717, 719, 675, 680, 719, 680, 685, 717, 685, 715, 717, 685, 690, 715, 690, 712, 715, 690, 695, 712, 637, 658, 648, 637, 640, 658, 640, 660, 658, 640, 643, 660, 643, 662, 660, 643, 646, 662, 646, 664, 662, 700, 723, 711, 700, 705, 723, 705, 725, 723, 705, 710, 725, 710, 727, 725]; 
        mode = TRIANGLES; 
        material = Material{
            name = "LanternPost_Mat"; 
            double_sided = false; 
            alpha_mode = OPAQUE; 
            alpha_cutoff = 0.5; 
            pbr_metallic_roughness = PBR_Metallic_Roughness{
                base_color_factor = Vector4{
                    x = 1; 
                    y = 1; 
                    z = 1; 
                    w = 1; 
                }; 
                metallic_factor = 1; 
                roughness_factor = 1; 
                base_color_texture = Texture{
                    image_path = "/home/irving_wash/Documents/PPG/Jai_GLTF/./assets/lantern/Image_0.png"; 
                    mag_filter = LINEAR; 
                    min_filter = LINEAR_MIPMAP_LINEAR; 
                    wrap_s = REPEAT; 
                    wrap_t = REPEAT; 
                }; 
                metallic_roughness_texture = Texture{
                    image_path = "/home/irving_wash/Documents/PPG/Jai_GLTF/./assets/lantern/Image_1.png"; 
                    mag_filter = LINEAR; 
                    min_filter = LINEAR_MIPMAP_LINEAR; 
                    wrap_s = REPEAT; 
                    wrap_t = REPEAT; 
                }; 
            }; 
            normal_texture = Normal_Texture{
                scale = 1; 
                texture = Texture{
                    image_path = "/home/irving_wash/Documents/PPG/Jai_GLTF/./assets/lantern/Image_2.png"; 
                    mag_filter = LINEAR; 
                    min_filter = LINEAR_MIPMAP_LINEAR; 
                    wrap_s = REPEAT; 
                    wrap_t = REPEAT; 
                }; 
            }; 
            occlusion_texture = Occlusion_Texture{
                strength = 1; 
                texture = Texture{
                    image_path = ""; 
                    mag_filter = UNKNOWN; 
                    min_filter = UNKNOWN; 
                    wrap_s = REPEAT; 
                    wrap_t = REPEAT; 
                }; 
            }; 
            emissive_texture = Emissive_Texture{
                factor = Vector3{
                    x = 1; 
                    y = 1; 
                    z = 1; 
                }; 
                texture = Texture{
                    image_path = "/home/irving_wash/Documents/PPG/Jai_GLTF/./assets/lantern/Image_3.png"; 
                    mag_filter = LINEAR; 
                    min_filter = LINEAR_MIPMAP_LINEAR; 
                    wrap_s = REPEAT; 
                    wrap_t = REPEAT; 
                }; 
            }; 
        }; 
        min_position = Vector3{
            x = -0.129208; 
            y = -0.65235; 
            z = -0.129208; 
        }; 
        max_position = Vector3{
            x = 0.129208; 
            y = 0.65235; 
            z = 0.129208; 
        }; 
    }, Mesh{
        name = "LanternPole_Lantern"; 
        vertices = []; 
        indices = [2, 1, 0, 3, 2, 0, 4, 2, 3, 5, 4, 3, 2, 6, 1, 6, 7, 1, 8, 6, 2, 4, 8, 2, 6, 9, 7, 9, 10, 7, 11, 9, 6, 8, 11, 6, 9, 12, 10, 12, 13, 10, 14, 12, 9, 11, 14, 9, 12, 15, 13, 15, 16, 13, 17, 15, 12, 14, 17, 12, 15, 18, 16, 18, 19, 16, 20, 18, 15, 17, 20, 15, 18, 21, 19, 21, 22, 19, 23, 21, 18, 20, 23, 18, 21, 24, 22, 24, 25, 22, 26, 24, 21, 23, 26, 21, 13, 16, 27, 13, 27, 28, 10, 13, 28, 10, 28, 29, 7, 10, 29, 7, 29, 30, 1, 7, 30, 1, 30, 31, 0, 1, 31, 31, 30, 32, 30, 33, 32, 30, 29, 33, 32, 33, 34, 33, 35, 34, 34, 35, 36, 35, 37, 36, 36, 37, 38, 37, 39, 38, 38, 39, 40, 39, 41, 40, 33, 42, 35, 42, 43, 35, 35, 43, 37, 43, 44, 37, 37, 44, 39, 44, 45, 39, 39, 45, 41, 45, 46, 41, 42, 47, 43, 47, 48, 43, 43, 48, 44, 48, 49, 44, 44, 49, 45, 49, 50, 45, 45, 50, 46, 50, 51, 46, 47, 52, 48, 52, 53, 48, 48, 53, 49, 53, 54, 49, 49, 54, 50, 54, 55, 50, 50, 55, 51, 55, 56, 51, 52, 57, 53, 57, 58, 53, 53, 58, 54, 58, 59, 54, 54, 59, 55, 59, 60, 55, 55, 60, 56, 60, 61, 56, 57, 62, 58, 62, 63, 58, 58, 63, 59, 63, 64, 59, 59, 64, 60, 64, 65, 60, 60, 65, 61, 65, 66, 61, 62, 67, 63, 67, 68, 63, 63, 68, 64, 68, 69, 64, 64, 69, 65, 69, 70, 65, 65, 70, 66, 70, 71, 66, 67, 72, 68, 72, 73, 68, 68, 73, 69, 73, 74, 69, 69, 74, 70, 74, 75, 70, 70, 75, 71, 75, 76, 71, 61, 66, 77, 61, 77, 78, 56, 61, 78, 56, 78, 79, 51, 56, 79, 51, 79, 80, 46, 51, 80, 46, 80, 81, 41, 46, 81, 41, 81, 82, 40, 41, 82, 82, 81, 83, 81, 84, 83, 81, 80, 84, 83, 84, 85, 84, 86, 85, 85, 86, 87, 86, 88, 87, 84, 89, 86, 80, 89, 84, 80, 79, 89, 89, 90, 86, 86, 90, 88, 90, 91, 88, 89, 92, 90, 92, 93, 90, 90, 93, 91, 93, 94, 91, 92, 95, 93, 95, 96, 93, 93, 96, 94, 96, 97, 94, 95, 98, 96, 98, 99, 96, 96, 99, 97, 99, 100, 97, 98, 101, 99, 101, 102, 99, 99, 102, 100, 102, 103, 100, 101, 104, 102, 104, 105, 102, 102, 105, 103, 105, 106, 103, 104, 107, 105, 107, 108, 105, 105, 108, 106, 108, 109, 106, 77, 98, 95, 78, 77, 95, 110, 101, 98, 77, 110, 98, 66, 110, 77, 66, 71, 110, 71, 111, 110, 111, 104, 101, 110, 111, 101, 71, 76, 111, 76, 112, 111, 112, 107, 104, 111, 112, 104, 78, 95, 92, 79, 78, 92, 79, 92, 89, 29, 42, 33, 29, 28, 42, 28, 47, 42, 28, 27, 47, 27, 52, 47, 27, 113, 52, 16, 113, 27, 113, 57, 52, 16, 19, 113, 19, 114, 113, 113, 114, 57, 114, 62, 57, 19, 22, 114, 22, 115, 114, 114, 115, 62, 115, 67, 62, 22, 25, 115, 25, 116, 115, 115, 116, 67, 116, 72, 67, 119, 118, 117, 120, 119, 117, 121, 119, 120, 122, 121, 120, 123, 121, 122, 124, 123, 122, 125, 123, 124, 126, 125, 124, 119, 127, 118, 127, 128, 118, 125, 129, 123, 129, 130, 123, 123, 130, 121, 130, 131, 121, 131, 127, 119, 121, 131, 119, 127, 132, 128, 132, 133, 128, 129, 134, 130, 134, 135, 130, 130, 135, 131, 135, 136, 131, 136, 132, 127, 131, 136, 127, 132, 137, 133, 137, 138, 133, 134, 139, 135, 139, 140, 135, 135, 140, 136, 140, 141, 136, 141, 137, 132, 136, 141, 132, 137, 142, 138, 142, 143, 138, 139, 144, 140, 144, 145, 140, 140, 145, 141, 145, 146, 141, 146, 142, 137, 141, 146, 137, 142, 147, 143, 147, 148, 143, 144, 149, 145, 149, 150, 145, 145, 150, 146, 150, 151, 146, 151, 147, 142, 146, 151, 142, 147, 152, 148, 152, 153, 148, 149, 154, 150, 154, 155, 150, 150, 155, 151, 155, 156, 151, 156, 152, 147, 151, 156, 147, 152, 157, 153, 157, 158, 153, 154, 159, 155, 159, 160, 155, 155, 160, 156, 160, 161, 156, 161, 157, 152, 156, 161, 152, 148, 153, 162, 148, 162, 163, 143, 148, 163, 143, 163, 164, 138, 143, 164, 138, 164, 165, 133, 138, 165, 133, 165, 166, 128, 133, 166, 128, 166, 167, 118, 128, 167, 118, 167, 168, 117, 118, 168, 168, 167, 169, 167, 170, 169, 167, 166, 170, 166, 171, 170, 166, 165, 171, 165, 172, 171, 165, 164, 172, 164, 173, 172, 164, 163, 173, 163, 174, 173, 163, 162, 174, 162, 175, 174, 162, 176, 175, 153, 176, 162, 176, 177, 175, 153, 158, 176, 158, 178, 176, 176, 178, 177, 178, 179, 177, 182, 181, 180, 183, 182, 180, 180, 181, 126, 181, 125, 126, 182, 184, 181, 184, 185, 181, 181, 185, 125, 185, 129, 125, 184, 186, 185, 186, 187, 185, 185, 187, 129, 187, 134, 129, 186, 188, 187, 188, 189, 187, 187, 189, 134, 189, 139, 134, 188, 190, 189, 190, 191, 189, 189, 191, 139, 191, 144, 139, 190, 192, 191, 192, 193, 191, 191, 193, 144, 193, 149, 144, 192, 194, 193, 194, 195, 193, 193, 195, 149, 195, 154, 149, 194, 196, 195, 196, 197, 195, 195, 197, 154, 197, 159, 154, 200, 199, 198, 201, 200, 198, 202, 200, 201, 203, 202, 201, 204, 202, 203, 205, 204, 203, 206, 204, 205, 207, 206, 205, 208, 206, 207, 209, 208, 207, 210, 208, 209, 211, 210, 209, 212, 210, 211, 213, 212, 211, 214, 212, 213, 215, 214, 213, 216, 214, 215, 217, 216, 215, 218, 216, 217, 219, 218, 217, 220, 218, 219, 221, 220, 219, 222, 220, 221, 223, 222, 221, 224, 222, 223, 225, 224, 223, 226, 224, 225, 227, 226, 225, 228, 226, 227, 229, 228, 227, 230, 228, 229, 231, 230, 229, 232, 230, 231, 233, 232, 231, 234, 232, 233, 235, 234, 233, 236, 234, 235, 237, 236, 235, 199, 236, 237, 198, 199, 237, 237, 238, 198, 238, 239, 198, 240, 238, 237, 235, 240, 237, 241, 240, 235, 233, 241, 235, 242, 241, 233, 231, 242, 233, 243, 242, 231, 229, 243, 231, 244, 243, 229, 227, 244, 229, 245, 244, 227, 225, 245, 227, 246, 245, 225, 223, 246, 225, 247, 246, 223, 221, 247, 223, 248, 247, 221, 219, 248, 221, 249, 248, 219, 217, 249, 219, 250, 249, 217, 215, 250, 217, 251, 250, 215, 213, 251, 215, 252, 251, 213, 211, 252, 213, 253, 252, 211, 209, 253, 211, 254, 253, 209, 207, 254, 209, 255, 254, 207, 205, 255, 207, 256, 255, 205, 203, 256, 205, 257, 256, 203, 201, 257, 203, 239, 257, 201, 198, 239, 201, 260, 259, 258, 260, 261, 259, 260, 262, 261, 260, 263, 262, 260, 264, 263, 260, 265, 264, 260, 266, 265, 260, 267, 266, 260, 268, 267, 260, 269, 268, 260, 258, 270, 271, 260, 270, 271, 272, 260, 272, 273, 260, 273, 274, 260, 274, 275, 260, 275, 276, 260, 276, 277, 260, 277, 278, 260, 260, 278, 269, 281, 280, 279, 281, 282, 280, 281, 279, 283, 284, 281, 283, 285, 281, 284, 284, 283, 286, 284, 286, 287, 284, 287, 288, 284, 288, 289, 284, 289, 290, 292, 291, 282, 293, 292, 282, 285, 294, 291, 285, 295, 294, 285, 296, 295, 285, 297, 296, 285, 298, 297, 300, 299, 290, 300, 301, 299, 301, 302, 299, 299, 302, 303, 304, 299, 303, 304, 305, 299, 305, 304, 298, 304, 306, 298, 304, 303, 306, 309, 308, 307, 310, 309, 307, 311, 309, 310, 312, 311, 310, 313, 311, 312, 314, 313, 312, 315, 313, 314, 316, 315, 314, 317, 315, 316, 318, 317, 316, 319, 317, 318, 320, 319, 318, 321, 319, 320, 322, 321, 320, 307, 308, 323, 323, 325, 324, 325, 326, 324, 324, 326, 327, 326, 328, 327, 327, 328, 329, 328, 330, 329, 329, 330, 331, 330, 332, 331, 331, 332, 333, 332, 334, 333, 333, 334, 335, 334, 336, 335, 335, 336, 337, 336, 338, 337, 337, 338, 339, 338, 340, 339, 339, 340, 341, 340, 342, 341, 341, 342, 343, 342, 344, 343, 343, 344, 345, 344, 346, 345, 345, 346, 347, 346, 348, 347, 308, 325, 323, 351, 350, 349, 352, 351, 349, 353, 351, 352, 354, 353, 352, 355, 353, 354, 356, 355, 354, 357, 355, 356, 358, 357, 356, 359, 357, 358, 360, 359, 358, 361, 359, 360, 362, 361, 360, 363, 361, 362, 364, 363, 362, 349, 350, 365, 363, 366, 361, 366, 367, 361, 361, 367, 359, 366, 368, 367, 368, 369, 367, 368, 370, 369, 370, 371, 369, 370, 372, 371, 372, 373, 371, 372, 374, 373, 374, 375, 373, 373, 375, 376, 375, 377, 376, 376, 377, 378, 377, 379, 378, 378, 379, 380, 379, 381, 380, 380, 381, 382, 381, 383, 382, 382, 383, 384, 383, 385, 384, 384, 385, 386, 385, 387, 386, 386, 387, 388, 387, 389, 388, 388, 389, 390, 389, 391, 390, 390, 391, 392, 391, 393, 392, 392, 393, 394, 393, 395, 394, 394, 395, 396, 395, 397, 396, 396, 397, 398, 397, 399, 398, 398, 399, 400, 399, 401, 400, 400, 401, 402, 401, 403, 402, 402, 403, 404, 403, 405, 404, 404, 405, 406, 405, 407, 406, 406, 407, 408, 407, 409, 408, 408, 409, 410, 409, 411, 410, 410, 411, 412, 411, 413, 412, 411, 414, 413, 414, 415, 413, 416, 414, 411, 409, 416, 411, 417, 416, 409, 407, 417, 409, 418, 417, 407, 405, 418, 407, 419, 418, 405, 403, 419, 405, 420, 419, 403, 401, 420, 403, 421, 420, 401, 399, 421, 401, 422, 421, 399, 397, 422, 399, 423, 422, 397, 395, 423, 397, 424, 423, 395, 393, 424, 395, 425, 424, 393, 391, 425, 393, 426, 425, 391, 389, 426, 391, 427, 426, 389, 387, 427, 389, 428, 427, 387, 385, 428, 387, 429, 428, 385, 383, 429, 385, 430, 429, 383, 381, 430, 383, 431, 430, 381, 379, 431, 381, 432, 431, 379, 377, 432, 379, 433, 432, 377, 375, 433, 377, 434, 433, 375, 374, 434, 375, 429, 435, 428, 435, 436, 428, 435, 437, 436, 437, 438, 436, 436, 438, 439, 438, 440, 439, 441, 437, 435, 442, 441, 435, 443, 441, 442, 444, 443, 442, 445, 443, 444, 446, 445, 444, 447, 445, 446, 448, 447, 446, 449, 447, 448, 450, 449, 448, 439, 440, 451, 440, 452, 451, 451, 452, 453, 452, 454, 453, 453, 454, 455, 454, 456, 455, 455, 456, 457, 456, 458, 457, 457, 458, 459, 458, 460, 459, 459, 460, 461, 460, 462, 461, 461, 462, 463, 462, 464, 463, 463, 464, 465, 464, 466, 465, 465, 466, 467, 466, 468, 467, 467, 468, 469, 468, 470, 469, 469, 470, 471, 470, 472, 471, 471, 472, 473, 472, 474, 473, 473, 474, 475, 474, 476, 475, 473, 475, 415, 414, 473, 415, 471, 473, 414, 416, 471, 414, 469, 471, 416, 417, 469, 416, 467, 469, 417, 418, 467, 417, 465, 467, 418, 419, 465, 418, 463, 465, 419, 420, 463, 419, 461, 463, 420, 421, 461, 420, 459, 461, 421, 422, 459, 421, 457, 459, 422, 423, 457, 422, 455, 457, 423, 424, 455, 423, 453, 455, 424, 425, 453, 424, 451, 453, 425, 426, 451, 425, 439, 451, 426, 427, 439, 426, 436, 439, 427, 428, 436, 427, 479, 478, 477, 480, 479, 477, 481, 479, 480, 482, 481, 480, 483, 481, 482, 484, 483, 482, 485, 483, 484, 486, 485, 484, 487, 485, 486, 488, 487, 486, 489, 487, 488, 490, 489, 488, 491, 489, 490, 492, 491, 490, 493, 491, 492, 494, 493, 492, 495, 493, 494, 496, 495, 494, 497, 495, 496, 498, 497, 496, 499, 497, 498, 500, 499, 498, 501, 499, 500, 365, 501, 500, 350, 501, 365, 350, 502, 501, 503, 502, 350, 503, 504, 502, 505, 504, 503, 505, 506, 504, 507, 506, 505, 507, 380, 506, 378, 380, 507, 508, 378, 507, 376, 378, 508, 509, 376, 508, 373, 376, 509, 371, 373, 509, 380, 382, 506, 506, 382, 510, 506, 510, 504, 382, 384, 510, 510, 384, 511, 384, 386, 511, 511, 386, 512, 386, 388, 512, 512, 388, 513, 388, 390, 513, 513, 390, 514, 390, 392, 514, 514, 392, 515, 392, 394, 515, 515, 394, 516, 394, 396, 516, 516, 396, 517, 396, 398, 517, 517, 398, 518, 398, 400, 518, 518, 400, 519, 400, 402, 519, 519, 402, 520, 402, 404, 520, 520, 404, 521, 404, 406, 521, 521, 406, 522, 406, 408, 522, 522, 408, 523, 408, 410, 523, 523, 410, 524, 410, 412, 524, 517, 518, 525, 526, 517, 525, 516, 517, 526, 527, 516, 526, 515, 516, 527, 528, 515, 527, 514, 515, 528, 529, 514, 528, 513, 514, 529, 530, 513, 529, 512, 513, 530, 531, 512, 530, 511, 512, 531, 532, 511, 531, 510, 511, 532, 504, 510, 532, 504, 532, 502, 532, 531, 533, 502, 532, 533, 531, 530, 534, 533, 531, 534, 530, 529, 535, 534, 530, 535, 529, 528, 536, 535, 529, 536, 536, 528, 537, 528, 527, 537, 537, 527, 538, 527, 526, 538, 538, 526, 539, 526, 525, 539, 539, 525, 540, 525, 541, 540, 525, 518, 541, 518, 519, 541, 541, 519, 542, 519, 520, 542, 542, 520, 543, 520, 521, 543, 543, 521, 544, 521, 522, 544, 544, 522, 545, 522, 523, 545, 545, 523, 546, 523, 524, 546, 541, 542, 547, 540, 541, 547, 542, 543, 548, 547, 542, 548, 543, 544, 549, 548, 543, 549, 544, 545, 550, 549, 544, 550, 545, 546, 551, 550, 545, 551, 547, 548, 483, 485, 547, 483, 540, 547, 485, 487, 540, 485, 539, 540, 487, 489, 539, 487, 538, 539, 489, 491, 538, 489, 537, 538, 491, 493, 537, 491, 536, 537, 493, 495, 536, 493, 535, 536, 495, 497, 535, 495, 534, 535, 497, 499, 534, 497, 533, 534, 499, 501, 533, 499, 502, 533, 501, 554, 553, 552, 555, 554, 552, 556, 554, 555, 557, 556, 555, 558, 556, 557, 559, 558, 557, 560, 558, 559, 561, 560, 559, 562, 560, 561, 563, 562, 561, 564, 562, 563, 565, 564, 563, 566, 564, 565, 567, 566, 565, 552, 553, 568, 557, 555, 569, 570, 557, 569, 559, 557, 570, 570, 569, 571, 572, 570, 571, 572, 571, 573, 574, 572, 573, 574, 573, 575, 576, 574, 575, 576, 575, 577, 578, 576, 577, 578, 577, 438, 437, 578, 438, 579, 578, 437, 441, 579, 437, 580, 579, 441, 443, 580, 441, 581, 580, 443, 445, 581, 443, 582, 581, 445, 447, 582, 445, 583, 582, 447, 449, 583, 447, 438, 577, 440, 577, 584, 440, 440, 584, 452, 584, 585, 452, 452, 585, 454, 585, 586, 454, 454, 586, 456, 586, 587, 456, 456, 587, 458, 587, 588, 458, 458, 588, 460, 588, 589, 460, 460, 589, 462, 589, 590, 462, 462, 590, 464, 590, 591, 464, 464, 591, 466, 591, 592, 466, 466, 592, 468, 592, 593, 468, 468, 593, 470, 593, 594, 470, 470, 594, 472, 594, 595, 472, 472, 595, 474, 595, 596, 474, 474, 596, 476, 596, 597, 476, 596, 598, 597, 598, 599, 597, 600, 598, 596, 595, 600, 596, 601, 600, 595, 594, 601, 595, 602, 601, 594, 593, 602, 594, 603, 602, 593, 592, 603, 593, 604, 603, 592, 591, 604, 592, 605, 604, 591, 590, 605, 591, 606, 605, 590, 589, 606, 590, 607, 606, 589, 588, 607, 589, 608, 607, 588, 587, 608, 588, 609, 608, 587, 586, 609, 587, 610, 609, 586, 585, 610, 586, 611, 610, 585, 584, 611, 585, 575, 611, 584, 577, 575, 584, 606, 612, 605, 613, 612, 606, 607, 613, 606, 614, 613, 607, 608, 614, 607, 615, 614, 608, 609, 615, 608, 616, 615, 609, 610, 616, 609, 617, 616, 610, 611, 617, 610, 573, 617, 611, 575, 573, 611, 613, 618, 612, 618, 619, 612, 612, 619, 620, 612, 620, 605, 605, 620, 604, 620, 621, 604, 604, 621, 603, 621, 622, 603, 603, 622, 602, 622, 623, 602, 602, 623, 601, 623, 624, 601, 601, 624, 600, 624, 625, 600, 600, 625, 598, 625, 626, 598, 598, 626, 599, 626, 627, 599, 626, 628, 627, 628, 629, 627, 630, 628, 626, 625, 630, 626, 631, 630, 625, 624, 631, 625, 632, 631, 624, 623, 632, 624, 633, 632, 623, 622, 633, 623, 634, 633, 622, 621, 634, 622, 635, 634, 621, 620, 635, 621, 619, 635, 620, 628, 636, 629, 636, 637, 629, 638, 636, 628, 630, 638, 628, 639, 638, 630, 631, 639, 630, 640, 639, 631, 632, 640, 631, 641, 640, 632, 633, 641, 632, 642, 641, 633, 634, 642, 633, 643, 642, 634, 635, 643, 634, 644, 643, 635, 619, 644, 635, 645, 644, 619, 618, 645, 619, 646, 645, 618, 647, 646, 618, 647, 618, 613, 614, 647, 613, 648, 647, 614, 615, 648, 614, 649, 648, 615, 616, 649, 615, 650, 649, 616, 617, 650, 616, 571, 650, 617, 573, 571, 617, 651, 646, 647, 648, 651, 647, 652, 651, 648, 649, 652, 648, 653, 652, 649, 650, 653, 649, 569, 653, 650, 571, 569, 650, 651, 654, 646, 568, 654, 651, 652, 568, 651, 568, 655, 654, 655, 656, 654, 654, 656, 657, 656, 658, 657, 657, 658, 659, 658, 660, 659, 659, 660, 661, 660, 662, 661, 661, 662, 663, 662, 664, 663, 663, 664, 665, 664, 666, 665, 665, 666, 667, 666, 668, 667, 667, 668, 669, 668, 670, 669, 669, 670, 671, 670, 672, 671, 671, 672, 673, 672, 674, 673, 673, 674, 675, 674, 676, 675, 675, 676, 677, 676, 678, 677, 675, 677, 637, 636, 675, 637, 673, 675, 636, 638, 673, 636, 671, 673, 638, 639, 671, 638, 669, 671, 639, 640, 669, 639, 667, 669, 640, 641, 667, 640, 665, 667, 641, 642, 665, 641, 663, 665, 642, 643, 663, 642, 661, 663, 643, 644, 661, 643, 659, 661, 644, 645, 659, 644, 657, 659, 645, 646, 657, 645, 654, 657, 646, 553, 655, 568, 552, 568, 652, 653, 552, 652, 555, 552, 653, 569, 555, 653, 681, 680, 679, 682, 681, 679, 683, 681, 682, 684, 683, 682, 685, 683, 684, 686, 685, 684, 687, 685, 686, 688, 687, 686, 689, 687, 688, 690, 689, 688, 691, 689, 690, 692, 691, 690, 693, 691, 692, 694, 693, 692, 695, 693, 694, 696, 695, 694, 697, 695, 696, 698, 697, 696, 699, 697, 698, 700, 699, 698, 701, 699, 700, 702, 701, 700, 703, 701, 702, 704, 703, 702, 705, 703, 704, 706, 705, 704, 707, 705, 706, 708, 707, 706, 709, 707, 708, 710, 709, 708, 711, 709, 710, 712, 711, 710, 715, 714, 713, 716, 715, 713, 717, 715, 716, 718, 717, 716, 719, 717, 718, 720, 719, 718, 680, 719, 720, 679, 680, 720, 723, 722, 721, 724, 723, 721, 725, 723, 724, 726, 725, 724, 727, 725, 726, 728, 727, 726, 729, 727, 728, 730, 729, 728, 731, 729, 730, 732, 731, 730, 733, 731, 732, 734, 733, 732, 735, 733, 734, 736, 735, 734, 737, 735, 736, 738, 737, 736, 739, 737, 738, 740, 739, 738, 741, 739, 740, 742, 741, 740, 743, 741, 742, 744, 743, 742, 745, 743, 744, 746, 745, 744, 747, 745, 746, 748, 747, 746, 749, 747, 748, 750, 749, 748, 751, 749, 750, 752, 751, 750, 753, 751, 752, 754, 753, 752, 742, 740, 755, 755, 740, 756, 755, 756, 757, 757, 756, 758, 757, 758, 759, 759, 758, 760, 758, 761, 760, 760, 761, 762, 761, 763, 762, 762, 763, 764, 763, 765, 764, 764, 765, 766, 765, 767, 766, 766, 767, 768, 767, 769, 768, 768, 769, 770, 769, 771, 770, 772, 757, 759, 773, 757, 772, 774, 773, 772, 775, 773, 774, 776, 775, 774, 777, 775, 776, 778, 777, 776, 779, 777, 778, 780, 779, 778, 781, 779, 780, 782, 781, 780, 783, 781, 782, 784, 783, 782, 785, 783, 784, 786, 785, 784, 787, 785, 786, 788, 787, 786, 775, 789, 773, 790, 789, 775, 777, 790, 775, 791, 790, 777, 779, 791, 777, 792, 791, 779, 781, 792, 779, 793, 792, 781, 783, 793, 781, 794, 793, 783, 785, 794, 783, 795, 794, 785, 787, 795, 785, 790, 744, 789, 744, 742, 789, 789, 742, 755, 789, 755, 773, 773, 755, 757, 746, 744, 790, 791, 746, 790, 748, 746, 791, 792, 748, 791, 750, 748, 792, 793, 750, 792, 752, 750, 793, 794, 752, 793, 754, 752, 794, 795, 754, 794, 798, 797, 796, 799, 798, 796, 800, 798, 799, 801, 800, 799, 802, 800, 801, 803, 802, 801, 722, 802, 803, 721, 722, 803, 799, 796, 804, 805, 799, 804, 801, 799, 805, 805, 804, 806, 807, 805, 806, 807, 806, 808, 809, 807, 808, 810, 807, 809, 811, 810, 809, 812, 810, 811, 813, 812, 811, 814, 812, 813, 815, 814, 813, 771, 814, 815, 770, 771, 815, 816, 805, 807, 810, 816, 807, 817, 816, 810, 812, 817, 810, 818, 817, 812, 814, 818, 812, 819, 818, 814, 771, 819, 814, 820, 819, 771, 769, 820, 771, 821, 820, 769, 767, 821, 769, 822, 821, 767, 765, 822, 767, 823, 822, 765, 763, 823, 765, 824, 823, 763, 761, 824, 763, 825, 824, 761, 758, 825, 761, 756, 825, 758, 820, 726, 819, 726, 724, 819, 728, 726, 820, 821, 728, 820, 730, 728, 821, 822, 730, 821, 732, 730, 822, 823, 732, 822, 734, 732, 823, 824, 734, 823, 736, 734, 824, 825, 736, 824, 738, 736, 825, 756, 738, 825, 740, 738, 756, 724, 721, 818, 818, 721, 817, 721, 803, 817, 817, 803, 816, 803, 801, 816, 816, 801, 805, 819, 724, 818, 828, 827, 826, 829, 828, 826, 830, 828, 829, 831, 830, 829, 832, 830, 831, 833, 832, 831, 834, 832, 833, 835, 834, 833, 836, 834, 835, 837, 836, 835, 838, 836, 837, 839, 838, 837, 840, 838, 839, 841, 840, 839, 842, 840, 841, 843, 842, 841, 844, 842, 843, 845, 844, 843, 846, 844, 845, 847, 846, 845, 848, 846, 847, 849, 848, 847, 850, 848, 849, 851, 850, 849, 852, 850, 851, 853, 852, 851, 854, 852, 853, 855, 854, 853, 856, 854, 855, 857, 856, 855, 858, 856, 857, 859, 858, 857, 862, 861, 860, 863, 862, 860, 864, 862, 863, 865, 864, 863, 866, 864, 865, 867, 866, 865, 827, 866, 867, 826, 827, 867, 870, 869, 868, 871, 870, 868, 872, 870, 871, 873, 872, 871, 874, 872, 873, 875, 874, 873, 876, 874, 875, 877, 876, 875, 878, 876, 877, 879, 878, 877, 880, 878, 879, 881, 880, 879, 882, 880, 881, 883, 882, 881, 884, 882, 883, 885, 884, 883, 886, 884, 885, 887, 886, 885, 888, 886, 887, 889, 888, 887, 890, 888, 889, 891, 890, 889, 892, 890, 891, 893, 892, 891, 894, 892, 893, 895, 894, 893, 896, 894, 895, 897, 896, 895, 898, 896, 897, 899, 898, 897, 900, 898, 899, 901, 900, 899, 904, 903, 902, 905, 904, 902, 906, 904, 905, 907, 906, 905, 908, 906, 907, 909, 908, 907, 869, 908, 909, 868, 869, 909, 912, 911, 910, 913, 912, 910, 914, 912, 913, 915, 914, 913, 916, 914, 915, 917, 916, 915, 918, 916, 917, 919, 918, 917, 920, 918, 919, 921, 920, 919, 922, 920, 921, 923, 922, 921, 924, 922, 923, 925, 924, 923, 926, 924, 925, 927, 926, 925, 928, 926, 927, 929, 928, 927, 930, 928, 929, 931, 930, 929, 932, 930, 931, 933, 932, 931, 934, 932, 933, 935, 934, 933, 936, 934, 935, 937, 936, 935, 938, 936, 937, 939, 938, 937, 940, 938, 939, 941, 940, 939, 942, 940, 941, 943, 942, 941, 946, 945, 944, 947, 946, 944, 948, 946, 947, 949, 948, 947, 950, 948, 949, 951, 950, 949, 911, 950, 951, 910, 911, 951, 442, 435, 429, 430, 442, 429, 444, 442, 430, 431, 444, 430, 446, 444, 431, 432, 446, 431, 448, 446, 432, 433, 448, 432, 450, 448, 433, 434, 450, 433, 371, 509, 952, 369, 371, 952, 952, 509, 953, 509, 508, 953, 953, 508, 954, 508, 507, 954, 954, 507, 505, 369, 952, 955, 367, 369, 955, 952, 953, 956, 955, 952, 956, 953, 954, 957, 956, 953, 957, 954, 505, 958, 957, 954, 958, 958, 505, 503, 367, 955, 359, 955, 956, 357, 359, 955, 357, 956, 957, 355, 357, 956, 355, 957, 958, 353, 355, 957, 353, 958, 503, 351, 353, 958, 351, 351, 503, 350, 548, 549, 481, 483, 548, 481, 481, 549, 479, 549, 550, 479, 479, 550, 478, 550, 551, 478, 959, 576, 578, 579, 959, 578, 960, 959, 579, 580, 960, 579, 961, 960, 580, 581, 961, 580, 962, 961, 581, 582, 962, 581, 963, 962, 582, 583, 963, 582, 959, 964, 576, 964, 574, 576, 965, 964, 959, 960, 965, 959, 966, 965, 960, 961, 966, 960, 967, 966, 961, 962, 967, 961, 968, 967, 962, 963, 968, 962, 964, 969, 574, 969, 572, 574, 970, 969, 964, 965, 970, 964, 971, 970, 965, 966, 971, 965, 972, 971, 966, 967, 972, 966, 973, 972, 967, 968, 973, 967, 969, 974, 572, 974, 570, 572, 975, 974, 969, 970, 975, 969, 976, 975, 970, 971, 976, 970, 977, 976, 971, 972, 977, 971, 978, 977, 972, 973, 978, 972, 974, 559, 570, 561, 559, 974, 975, 561, 974, 563, 561, 975, 976, 563, 975, 565, 563, 976, 977, 565, 976, 567, 565, 977, 978, 567, 977, 980, 979, 236, 199, 980, 236, 236, 979, 234, 979, 981, 234, 234, 981, 232, 981, 982, 232, 232, 982, 230, 982, 983, 230, 230, 983, 228, 983, 984, 228, 228, 984, 226, 984, 985, 226, 226, 985, 224, 985, 986, 224, 224, 986, 222, 986, 987, 222, 222, 987, 220, 987, 988, 220, 220, 988, 218, 988, 989, 218, 218, 989, 216, 989, 990, 216, 216, 990, 214, 990, 991, 214, 214, 991, 212, 991, 992, 212, 212, 992, 210, 992, 993, 210, 210, 993, 208, 993, 994, 208, 208, 994, 206, 994, 995, 206, 206, 995, 204, 995, 996, 204, 204, 996, 202, 996, 997, 202, 202, 997, 200, 997, 998, 200, 200, 998, 199, 998, 980, 199, 992, 999, 993, 1000, 999, 992, 999, 1001, 993, 993, 1001, 994, 1001, 1002, 994, 994, 1002, 995, 1002, 1003, 995, 995, 1003, 996, 1003, 1004, 996, 996, 1004, 997, 1004, 1005, 997, 997, 1005, 998, 1005, 1006, 998, 998, 1006, 980, 1006, 1007, 980, 980, 1007, 979, 1007, 1008, 979, 979, 1008, 981, 1008, 1009, 981, 981, 1009, 982, 1009, 1010, 982, 982, 1010, 983, 1010, 1011, 983, 983, 1011, 984, 1011, 1012, 984, 984, 1012, 985, 1012, 1013, 985, 985, 1013, 986, 1013, 1014, 986, 986, 1014, 987, 1014, 1015, 987, 987, 1015, 988, 1015, 1016, 988, 988, 1016, 989, 1016, 1017, 989, 989, 1017, 990, 1017, 1018, 990, 990, 1018, 991, 1018, 1000, 991, 991, 1000, 992, 1012, 1019, 1013, 1020, 1019, 1012, 1011, 1020, 1012, 1021, 1020, 1011, 1010, 1021, 1011, 1022, 1021, 1010, 1009, 1022, 1010, 1023, 1022, 1009, 1008, 1023, 1009, 1024, 1023, 1008, 1007, 1024, 1008, 1018, 1025, 1000, 1026, 1025, 1018, 1017, 1026, 1018, 1027, 1026, 1017, 1016, 1027, 1017, 1028, 1027, 1016, 1015, 1028, 1016, 1029, 1028, 1015, 1014, 1029, 1015, 1030, 1029, 1014, 1013, 1030, 1014, 1019, 1030, 1013, 1031, 1024, 1007, 1006, 1031, 1007, 1032, 1031, 1006, 1005, 1032, 1006, 1033, 1032, 1005, 1004, 1033, 1005, 1034, 1033, 1004, 1003, 1034, 1004, 1035, 1034, 1003, 1002, 1035, 1003, 1036, 1035, 1002, 1001, 1036, 1002, 1037, 1036, 1001, 999, 1037, 1001, 1038, 1037, 999, 1000, 1038, 999, 1025, 1038, 1000, 1041, 1040, 1039, 1042, 1041, 1039, 1043, 1041, 1042, 1044, 1043, 1042, 1045, 1043, 1044, 1046, 1045, 1044, 1047, 1045, 1046, 1048, 1047, 1046, 1049, 1047, 1048, 1050, 1049, 1048, 1051, 1049, 1050, 1052, 1051, 1050, 1053, 1051, 1052, 1054, 1053, 1052, 1055, 1053, 1054, 1056, 1055, 1054, 1057, 1055, 1056, 1058, 1057, 1056, 1059, 1057, 1058, 1060, 1059, 1058, 1061, 1059, 1060, 1062, 1061, 1060, 1063, 1061, 1062, 1064, 1063, 1062, 1065, 1063, 1064, 1066, 1065, 1064, 1067, 1065, 1066, 1068, 1067, 1066, 1069, 1067, 1068, 1070, 1069, 1068, 1071, 1069, 1070, 1072, 1071, 1070, 1073, 1071, 1072, 1074, 1073, 1072, 1075, 1073, 1074, 1076, 1075, 1074, 1077, 1075, 1076, 1078, 1077, 1076, 1079, 1077, 1078, 1080, 1079, 1078, 1079, 1081, 1077, 1082, 1081, 1079, 1083, 1081, 1082, 1084, 1083, 1082, 1085, 1083, 1084, 1086, 1085, 1084, 1082, 1087, 1084, 1087, 1088, 1084, 1084, 1088, 1089, 1088, 1090, 1089, 1083, 1091, 1081, 1091, 1092, 1081, 1092, 1091, 1088, 1087, 1092, 1088, 1081, 1092, 1077, 1093, 1091, 1083, 1094, 1093, 1083, 1088, 1091, 1095, 1091, 1096, 1095, 1087, 1082, 1097, 1097, 1082, 1079, 1098, 1087, 1097, 1092, 1087, 1098, 1097, 1099, 1098, 1099, 1100, 1098, 1098, 1100, 1101, 1100, 1102, 1101, 1101, 1102, 1103, 1102, 1104, 1103, 1103, 1104, 1105, 1104, 1106, 1105, 1105, 1106, 1107, 1106, 1108, 1107, 1107, 1108, 1109, 1108, 1110, 1109, 1109, 1110, 1111, 1110, 1112, 1111, 1111, 1112, 1113, 1112, 1114, 1113, 1113, 1114, 1115, 1114, 1116, 1115, 1115, 1116, 1117, 1116, 1118, 1117, 1117, 1118, 1119, 1118, 1120, 1119, 1119, 1120, 1121, 1120, 1122, 1121, 1121, 1122, 1123, 1122, 1124, 1123, 1123, 1124, 1125, 1124, 1126, 1125, 1125, 1126, 1127, 1126, 1128, 1127, 1127, 1128, 1129, 1128, 1130, 1129, 1129, 1130, 1131, 1130, 1132, 1131, 1131, 1132, 1133, 1132, 1134, 1133, 1133, 1134, 1135, 1134, 1136, 1135, 1135, 1136, 1137, 1136, 1138, 1137, 1133, 1139, 1131, 1139, 1140, 1131, 1140, 1139, 1141, 1141, 1142, 1140, 1142, 1143, 1140, 1144, 1142, 1141, 1145, 1144, 1141, 1139, 1146, 1141, 1141, 1146, 1147, 1146, 1148, 1147, 1139, 1149, 1146, 1149, 1150, 1146, 1143, 1142, 1150, 1149, 1143, 1150, 1146, 1150, 1151, 1150, 1152, 1151, 1150, 1142, 1153, 1142, 1154, 1153, 1149, 1139, 1133, 1043, 1149, 1133, 1143, 1149, 1043, 1045, 1143, 1043, 1140, 1143, 1045, 1131, 1140, 1045, 1045, 1155, 1131, 1155, 1156, 1131, 1156, 1155, 1157, 1156, 1157, 1158, 1158, 1157, 1159, 1157, 1160, 1159, 1161, 1156, 1158, 1158, 1162, 1161, 1162, 1163, 1161, 1163, 1155, 1045, 1164, 1162, 1158, 1165, 1164, 1158, 1166, 1155, 1163, 1162, 1166, 1163, 1155, 1166, 1157, 1167, 1166, 1162, 1168, 1167, 1162, 1157, 1166, 1169, 1166, 1170, 1169, 1161, 1163, 1047, 1129, 1161, 1047, 1156, 1161, 1129, 1131, 1156, 1129, 1047, 1163, 1045, 1165, 1171, 1164, 1171, 1172, 1164, 1170, 1173, 1169, 1173, 1174, 1169, 1168, 1175, 1167, 1175, 1176, 1167, 1047, 1177, 1129, 1177, 1178, 1129, 1178, 1177, 1179, 1178, 1179, 1180, 1180, 1179, 1181, 1179, 1182, 1181, 1183, 1178, 1180, 1180, 1184, 1183, 1184, 1185, 1183, 1186, 1184, 1180, 1187, 1186, 1180, 1188, 1177, 1185, 1184, 1188, 1185, 1177, 1188, 1179, 1189, 1188, 1184, 1190, 1189, 1184, 1179, 1188, 1191, 1188, 1192, 1191, 1183, 1185, 1049, 1127, 1183, 1049, 1049, 1193, 1127, 1193, 1194, 1127, 1194, 1193, 1195, 1194, 1195, 1196, 1196, 1195, 1197, 1195, 1198, 1197, 1199, 1194, 1196, 1196, 1200, 1199, 1200, 1201, 1199, 1201, 1193, 1049, 1202, 1200, 1196, 1203, 1202, 1196, 1204, 1193, 1201, 1200, 1204, 1201, 1193, 1204, 1195, 1205, 1204, 1200, 1206, 1205, 1200, 1195, 1204, 1207, 1204, 1208, 1207, 1199, 1201, 1051, 1125, 1199, 1051, 1051, 1209, 1125, 1209, 1210, 1125, 1210, 1209, 1211, 1210, 1211, 1212, 1212, 1211, 1213, 1211, 1214, 1213, 1215, 1210, 1212, 1212, 1216, 1215, 1216, 1217, 1215, 1217, 1209, 1051, 1218, 1216, 1212, 1219, 1218, 1212, 1220, 1209, 1217, 1216, 1220, 1217, 1209, 1220, 1211, 1221, 1220, 1216, 1222, 1221, 1216, 1211, 1220, 1223, 1220, 1224, 1223, 1215, 1217, 1053, 1123, 1215, 1053, 1053, 1225, 1123, 1225, 1226, 1123, 1226, 1225, 1227, 1226, 1227, 1228, 1228, 1227, 1229, 1227, 1230, 1229, 1231, 1226, 1228, 1228, 1232, 1231, 1232, 1233, 1231, 1233, 1225, 1053, 1234, 1232, 1228, 1235, 1234, 1228, 1236, 1225, 1233, 1232, 1236, 1233, 1225, 1236, 1227, 1237, 1236, 1232, 1238, 1237, 1232, 1227, 1236, 1239, 1236, 1240, 1239, 1231, 1233, 1055, 1121, 1231, 1055, 1055, 1241, 1121, 1241, 1242, 1121, 1242, 1241, 1243, 1242, 1243, 1244, 1244, 1243, 1245, 1243, 1246, 1245, 1247, 1242, 1244, 1244, 1248, 1247, 1248, 1249, 1247, 1249, 1241, 1055, 1250, 1248, 1244, 1251, 1250, 1244, 1252, 1241, 1249, 1248, 1252, 1249, 1241, 1252, 1243, 1253, 1252, 1248, 1254, 1253, 1248, 1243, 1252, 1255, 1252, 1256, 1255, 1247, 1249, 1057, 1119, 1247, 1057, 1057, 1257, 1119, 1257, 1258, 1119, 1258, 1257, 1259, 1258, 1259, 1260, 1260, 1259, 1261, 1259, 1262, 1261, 1263, 1258, 1260, 1260, 1264, 1263, 1264, 1265, 1263, 1265, 1257, 1057, 1266, 1264, 1260, 1267, 1266, 1260, 1268, 1257, 1265, 1264, 1268, 1265, 1257, 1268, 1259, 1269, 1268, 1264, 1270, 1269, 1264, 1259, 1268, 1271, 1268, 1272, 1271, 1263, 1265, 1059, 1117, 1263, 1059, 1059, 1273, 1117, 1273, 1274, 1117, 1274, 1273, 1275, 1274, 1275, 1276, 1276, 1275, 1277, 1275, 1278, 1277, 1279, 1274, 1276, 1276, 1280, 1279, 1280, 1281, 1279, 1281, 1273, 1059, 1282, 1280, 1276, 1283, 1282, 1276, 1284, 1273, 1281, 1280, 1284, 1281, 1273, 1284, 1275, 1285, 1284, 1280, 1286, 1285, 1280, 1275, 1284, 1287, 1284, 1288, 1287, 1279, 1281, 1061, 1115, 1279, 1061, 1061, 1289, 1115, 1289, 1290, 1115, 1290, 1289, 1291, 1290, 1291, 1292, 1292, 1291, 1293, 1291, 1294, 1293, 1295, 1290, 1292, 1292, 1296, 1295, 1296, 1297, 1295, 1297, 1289, 1061, 1298, 1296, 1292, 1299, 1298, 1292, 1300, 1289, 1297, 1296, 1300, 1297, 1289, 1300, 1291, 1301, 1300, 1296, 1302, 1301, 1296, 1291, 1300, 1303, 1300, 1304, 1303, 1295, 1297, 1063, 1113, 1295, 1063, 1063, 1305, 1113, 1305, 1306, 1113, 1306, 1305, 1307, 1306, 1307, 1308, 1308, 1307, 1309, 1307, 1310, 1309, 1311, 1306, 1308, 1308, 1312, 1311, 1312, 1313, 1311, 1313, 1305, 1063, 1314, 1312, 1308, 1315, 1314, 1308, 1316, 1305, 1313, 1312, 1316, 1313, 1305, 1316, 1307, 1317, 1316, 1312, 1318, 1317, 1312, 1307, 1316, 1319, 1316, 1320, 1319, 1311, 1313, 1065, 1111, 1311, 1065, 1065, 1321, 1111, 1321, 1322, 1111, 1322, 1321, 1323, 1322, 1323, 1324, 1324, 1323, 1325, 1323, 1326, 1325, 1327, 1322, 1324, 1324, 1328, 1327, 1328, 1329, 1327, 1329, 1321, 1065, 1330, 1328, 1324, 1331, 1330, 1324, 1332, 1321, 1329, 1328, 1332, 1329, 1321, 1332, 1323, 1333, 1332, 1328, 1334, 1333, 1328, 1323, 1332, 1335, 1332, 1336, 1335, 1327, 1329, 1067, 1109, 1327, 1067, 1067, 1337, 1109, 1337, 1338, 1109, 1338, 1337, 1339, 1338, 1339, 1340, 1340, 1339, 1341, 1339, 1342, 1341, 1343, 1338, 1340, 1340, 1344, 1343, 1344, 1345, 1343, 1345, 1337, 1067, 1346, 1344, 1340, 1347, 1346, 1340, 1348, 1337, 1345, 1344, 1348, 1345, 1337, 1348, 1339, 1349, 1348, 1344, 1350, 1349, 1344, 1339, 1348, 1351, 1348, 1352, 1351, 1343, 1345, 1069, 1107, 1343, 1069, 1069, 1353, 1107, 1353, 1354, 1107, 1354, 1353, 1355, 1354, 1355, 1356, 1356, 1355, 1357, 1355, 1358, 1357, 1359, 1354, 1356, 1356, 1360, 1359, 1360, 1361, 1359, 1361, 1353, 1069, 1362, 1360, 1356, 1363, 1362, 1356, 1364, 1353, 1361, 1360, 1364, 1361, 1353, 1364, 1355, 1365, 1364, 1360, 1366, 1365, 1360, 1355, 1364, 1367, 1364, 1368, 1367, 1359, 1361, 1071, 1105, 1359, 1071, 1071, 1369, 1105, 1369, 1370, 1105, 1370, 1369, 1371, 1370, 1371, 1372, 1372, 1371, 1373, 1371, 1374, 1373, 1375, 1370, 1372, 1372, 1376, 1375, 1376, 1377, 1375, 1377, 1369, 1071, 1378, 1376, 1372, 1379, 1378, 1372, 1380, 1369, 1377, 1376, 1380, 1377, 1369, 1380, 1371, 1381, 1380, 1376, 1382, 1381, 1376, 1371, 1380, 1383, 1380, 1384, 1383, 1375, 1377, 1073, 1103, 1375, 1073, 1073, 1385, 1103, 1385, 1386, 1103, 1386, 1385, 1387, 1386, 1387, 1388, 1388, 1387, 1389, 1387, 1390, 1389, 1391, 1386, 1388, 1388, 1392, 1391, 1392, 1393, 1391, 1393, 1385, 1073, 1394, 1392, 1388, 1395, 1394, 1388, 1396, 1385, 1393, 1392, 1396, 1393, 1385, 1396, 1387, 1397, 1396, 1392, 1398, 1397, 1392, 1387, 1396, 1399, 1396, 1400, 1399, 1391, 1393, 1075, 1101, 1391, 1075, 1075, 1401, 1101, 1401, 1402, 1101, 1402, 1401, 1403, 1402, 1403, 1404, 1404, 1403, 1405, 1403, 1406, 1405, 1407, 1402, 1404, 1404, 1408, 1407, 1408, 1409, 1407, 1409, 1401, 1075, 1410, 1408, 1404, 1411, 1410, 1404, 1412, 1401, 1409, 1408, 1412, 1409, 1401, 1412, 1403, 1413, 1412, 1408, 1414, 1413, 1408, 1403, 1412, 1415, 1412, 1416, 1415, 1407, 1409, 1077, 1098, 1407, 1077, 1077, 1092, 1098, 1402, 1407, 1098, 1101, 1402, 1098, 1077, 1409, 1075, 1411, 1417, 1410, 1417, 1418, 1410, 1416, 1419, 1415, 1419, 1420, 1415, 1414, 1421, 1413, 1421, 1422, 1413, 1386, 1391, 1101, 1103, 1386, 1101, 1075, 1393, 1073, 1370, 1375, 1103, 1105, 1370, 1103, 1073, 1377, 1071, 1354, 1359, 1105, 1107, 1354, 1105, 1071, 1361, 1069, 1338, 1343, 1107, 1109, 1338, 1107, 1069, 1345, 1067, 1322, 1327, 1109, 1111, 1322, 1109, 1067, 1329, 1065, 1306, 1311, 1111, 1113, 1306, 1111, 1065, 1313, 1063, 1290, 1295, 1113, 1115, 1290, 1113, 1063, 1297, 1061, 1274, 1279, 1115, 1117, 1274, 1115, 1061, 1281, 1059, 1258, 1263, 1117, 1119, 1258, 1117, 1059, 1265, 1057, 1242, 1247, 1119, 1121, 1242, 1119, 1057, 1249, 1055, 1226, 1231, 1121, 1123, 1226, 1121, 1055, 1233, 1053, 1210, 1215, 1123, 1125, 1210, 1123, 1053, 1217, 1051, 1194, 1199, 1125, 1127, 1194, 1125, 1051, 1201, 1049, 1178, 1183, 1127, 1129, 1178, 1127, 1049, 1185, 1047, 1185, 1177, 1047, 1425, 1424, 1423, 1426, 1425, 1423, 1429, 1428, 1427, 1430, 1429, 1427, 1433, 1432, 1431, 1434, 1433, 1431, 1437, 1436, 1435, 1438, 1437, 1435, 1441, 1440, 1439, 1442, 1441, 1439, 1445, 1444, 1443, 1446, 1445, 1443, 1449, 1448, 1447, 1450, 1449, 1447, 1453, 1452, 1451, 1454, 1453, 1451, 1457, 1456, 1455, 1458, 1457, 1455, 1461, 1460, 1459, 1462, 1461, 1459, 1465, 1464, 1463, 1466, 1465, 1463, 1469, 1468, 1467, 1470, 1469, 1467, 1473, 1472, 1471, 1474, 1473, 1471, 1477, 1476, 1475, 1478, 1477, 1475, 1481, 1480, 1479, 1482, 1481, 1479, 1485, 1484, 1483, 1486, 1485, 1483, 1489, 1488, 1487, 1490, 1489, 1487, 1493, 1492, 1491, 1494, 1493, 1491, 1497, 1496, 1495, 1498, 1497, 1495, 1501, 1500, 1499, 1502, 1501, 1499, 1505, 1504, 1503, 1506, 1505, 1503, 1507, 1505, 1506, 1508, 1507, 1506, 1503, 1509, 1506, 1509, 1510, 1506, 1506, 1510, 1511, 1510, 1512, 1511, 1509, 1513, 1510, 1513, 1514, 1510, 1504, 1505, 1514, 1513, 1504, 1514, 1510, 1514, 1515, 1514, 1516, 1515, 1514, 1505, 1517, 1505, 1518, 1517, 1509, 1503, 1135, 1137, 1509, 1135, 1513, 1509, 1137, 1040, 1513, 1137, 1504, 1513, 1040, 1041, 1504, 1040, 1503, 1504, 1041, 1135, 1503, 1041, 1041, 1519, 1135, 1519, 1520, 1135, 1520, 1519, 1521, 1520, 1521, 1522, 1522, 1521, 1523, 1521, 1524, 1523, 1525, 1520, 1522, 1522, 1526, 1525, 1526, 1527, 1525, 1527, 1519, 1041, 1528, 1526, 1522, 1529, 1528, 1522, 1530, 1519, 1527, 1526, 1530, 1527, 1519, 1530, 1521, 1531, 1530, 1526, 1532, 1531, 1526, 1521, 1530, 1533, 1530, 1534, 1533, 1525, 1527, 1043, 1133, 1525, 1043, 1520, 1525, 1133, 1135, 1520, 1133, 1043, 1527, 1041, 1529, 1535, 1528, 1535, 1536, 1528, 1534, 1537, 1533, 1537, 1538, 1533, 1532, 1539, 1531, 1539, 1540, 1531, 1542, 1541, 1147, 1148, 1542, 1147, 1544, 1543, 1151, 1152, 1544, 1151, 1546, 1545, 1153, 1154, 1546, 1153, 1548, 1547, 1144, 1145, 1548, 1144, 1550, 1549, 1511, 1512, 1550, 1511, 1552, 1551, 1515, 1516, 1552, 1515, 1554, 1553, 1517, 1518, 1554, 1517, 1556, 1555, 1507, 1508, 1556, 1507, 1558, 1557, 1085, 1086, 1558, 1085, 1560, 1559, 1089, 1090, 1560, 1089, 1562, 1561, 1095, 1096, 1562, 1095, 1564, 1563, 1093, 1094, 1564, 1093, 1566, 1565, 1405, 1406, 1566, 1405, 1568, 1567, 1394, 1395, 1568, 1394, 1570, 1569, 1389, 1390, 1570, 1389, 1572, 1571, 1399, 1400, 1572, 1399, 1574, 1573, 1397, 1398, 1574, 1397, 1576, 1575, 1378, 1379, 1576, 1378, 1578, 1577, 1373, 1374, 1578, 1373, 1580, 1579, 1383, 1384, 1580, 1383, 1582, 1581, 1381, 1382, 1582, 1381, 1584, 1583, 1362, 1363, 1584, 1362, 1586, 1585, 1357, 1358, 1586, 1357, 1588, 1587, 1367, 1368, 1588, 1367, 1590, 1589, 1365, 1366, 1590, 1365, 1592, 1591, 1346, 1347, 1592, 1346, 1594, 1593, 1341, 1342, 1594, 1341, 1596, 1595, 1351, 1352, 1596, 1351, 1598, 1597, 1349, 1350, 1598, 1349, 1600, 1599, 1330, 1331, 1600, 1330, 1602, 1601, 1325, 1326, 1602, 1325, 1604, 1603, 1335, 1336, 1604, 1335, 1606, 1605, 1333, 1334, 1606, 1333, 1608, 1607, 1314, 1315, 1608, 1314, 1610, 1609, 1309, 1310, 1610, 1309, 1612, 1611, 1319, 1320, 1612, 1319, 1614, 1613, 1317, 1318, 1614, 1317, 1616, 1615, 1298, 1299, 1616, 1298, 1618, 1617, 1293, 1294, 1618, 1293, 1620, 1619, 1303, 1304, 1620, 1303, 1622, 1621, 1301, 1302, 1622, 1301, 1624, 1623, 1282, 1283, 1624, 1282, 1626, 1625, 1277, 1278, 1626, 1277, 1628, 1627, 1287, 1288, 1628, 1287, 1630, 1629, 1285, 1286, 1630, 1285, 1632, 1631, 1266, 1267, 1632, 1266, 1634, 1633, 1261, 1262, 1634, 1261, 1636, 1635, 1271, 1272, 1636, 1271, 1638, 1637, 1269, 1270, 1638, 1269, 1640, 1639, 1250, 1251, 1640, 1250, 1642, 1641, 1245, 1246, 1642, 1245, 1644, 1643, 1255, 1256, 1644, 1255, 1646, 1645, 1253, 1254, 1646, 1253, 1648, 1647, 1234, 1235, 1648, 1234, 1650, 1649, 1229, 1230, 1650, 1229, 1652, 1651, 1239, 1240, 1652, 1239, 1654, 1653, 1237, 1238, 1654, 1237, 1656, 1655, 1218, 1219, 1656, 1218, 1658, 1657, 1213, 1214, 1658, 1213, 1660, 1659, 1223, 1224, 1660, 1223, 1662, 1661, 1221, 1222, 1662, 1221, 1664, 1663, 1202, 1203, 1664, 1202, 1666, 1665, 1197, 1198, 1666, 1197, 1668, 1667, 1207, 1208, 1668, 1207, 1670, 1669, 1205, 1206, 1670, 1205, 1672, 1671, 1159, 1160, 1672, 1159, 1674, 1673, 1523, 1524, 1674, 1523, 1676, 1675, 1186, 1187, 1676, 1186, 1678, 1677, 1181, 1182, 1678, 1181, 1680, 1679, 1191, 1192, 1680, 1191, 1682, 1681, 1189, 1190, 1682, 1189, 1691, 1689, 1685, 1695, 1691, 1685, 1694, 1683, 1699, 1701, 1697, 1700, 1693, 1696, 1701, 1704, 1692, 1702, 1687, 1690, 1703, 1705, 1687, 1703, 1684, 1688, 1706, 1698, 1686, 1707, 1714, 1711, 1708, 1717, 1714, 1708, 1718, 1710, 1721, 1725, 1719, 1722, 1714, 1717, 1723, 1726, 1715, 1724, 1712, 1716, 1727, 1731, 1713, 1728, 1708, 1711, 1729, 1720, 1709, 1730, 1740, 1736, 1733, 1744, 1740, 1733, 1745, 1734, 1747, 1750, 1746, 1749, 1739, 1743, 1751, 1753, 1742, 1751, 1737, 1741, 1752, 1756, 1738, 1753, 1732, 1735, 1754, 1748, 1733, 1755, 1764, 1760, 1757, 1767, 1764, 1757, 1770, 1759, 1773, 1776, 1769, 1772, 1765, 1768, 1774, 1777, 1763, 1775, 1762, 1766, 1778, 1781, 1761, 1779, 1757, 1760, 1780, 1771, 1758, 1782, 1785, 1784, 1783, 1786, 1785, 1783, 1785, 1787, 1784, 1787, 1788, 1784, 1788, 1787, 1789, 1790, 1788, 1789, 1790, 1789, 1791, 1792, 1790, 1791, 1784, 1793, 1783, 1793, 1794, 1783, 1794, 1793, 1795, 1793, 1796, 1795, 1793, 1797, 1796, 1797, 1793, 1784, 1788, 1797, 1784, 1797, 1798, 1796, 1798, 1797, 1799, 1799, 1797, 1788, 1790, 1799, 1788, 1800, 1798, 1799, 1800, 1799, 1801, 1801, 1799, 1790, 1792, 1801, 1790, 1802, 1800, 1801, 1792, 1791, 1803, 1804, 1792, 1803, 1805, 1804, 1803, 1806, 1805, 1803, 1805, 1807, 1804, 1807, 1808, 1804, 1802, 1801, 1808, 1808, 1807, 1809, 1810, 1808, 1809, 1810, 1802, 1808, 1808, 1801, 1792, 1804, 1808, 1792, 1813, 1812, 1811, 1814, 1813, 1811, 1813, 1815, 1812, 1815, 1816, 1812, 1816, 1815, 1817, 1818, 1816, 1817, 1818, 1817, 1819, 1820, 1818, 1819, 1813, 1814, 1821, 1814, 1822, 1821, 1823, 1821, 1822, 1824, 1823, 1822, 1823, 1825, 1821, 1825, 1826, 1821, 1813, 1821, 1826, 1815, 1813, 1826, 1826, 1825, 1827, 1828, 1826, 1827, 1815, 1826, 1828, 1817, 1815, 1828, 1828, 1827, 1829, 1830, 1828, 1829, 1817, 1828, 1830, 1819, 1817, 1830, 1820, 1819, 1831, 1832, 1820, 1831, 1832, 1831, 1833, 1831, 1834, 1833, 1831, 1835, 1834, 1835, 1836, 1834, 1836, 1835, 1837, 1830, 1829, 1837, 1835, 1830, 1837, 1838, 1836, 1837, 1819, 1830, 1835, 1831, 1819, 1835, 1824, 1822, 1839, 1840, 1824, 1839, 1841, 1840, 1839, 1842, 1841, 1839, 1842, 1839, 1843, 1843, 1839, 1822, 1844, 1842, 1843, 1843, 1845, 1844, 1845, 1846, 1844, 1843, 1814, 1845, 1814, 1843, 1822, 1814, 1811, 1845, 1849, 1848, 1847, 1850, 1849, 1847, 1849, 1851, 1848, 1851, 1852, 1848, 1852, 1851, 1853, 1854, 1852, 1853, 1854, 1853, 1855, 1856, 1854, 1855, 1850, 1857, 1849, 1857, 1858, 1849, 1849, 1858, 1851, 1859, 1858, 1857, 1860, 1859, 1857, 1859, 1861, 1858, 1861, 1862, 1858, 1851, 1862, 1853, 1858, 1862, 1851, 1862, 1861, 1863, 1864, 1862, 1863, 1853, 1864, 1855, 1862, 1864, 1853, 1864, 1863, 1865, 1866, 1864, 1865, 1864, 1866, 1855, 1856, 1855, 1867, 1855, 1866, 1867, 1868, 1856, 1867, 1868, 1867, 1869, 1867, 1870, 1869, 1867, 1871, 1870, 1866, 1871, 1867, 1871, 1872, 1870, 1872, 1871, 1873, 1866, 1865, 1873, 1871, 1866, 1873, 1874, 1872, 1873, 1860, 1857, 1875, 1876, 1860, 1875, 1877, 1876, 1875, 1878, 1877, 1875, 1878, 1875, 1879, 1880, 1878, 1879, 1879, 1881, 1880, 1881, 1882, 1880, 1879, 1850, 1881, 1875, 1857, 1850, 1879, 1875, 1850, 1850, 1847, 1881, 1885, 1884, 1883, 1886, 1885, 1883, 1885, 1887, 1884, 1887, 1888, 1884, 1888, 1887, 1889, 1890, 1888, 1889, 1890, 1889, 1891, 1892, 1890, 1891, 1883, 1884, 1893, 1884, 1894, 1893, 1884, 1888, 1894, 1893, 1894, 1895, 1894, 1896, 1895, 1894, 1897, 1896, 1888, 1890, 1897, 1888, 1897, 1894, 1897, 1898, 1896, 1898, 1897, 1899, 1890, 1892, 1899, 1890, 1899, 1897, 1900, 1898, 1899, 1900, 1899, 1901, 1892, 1901, 1899, 1902, 1900, 1901, 1892, 1891, 1903, 1904, 1892, 1903, 1892, 1904, 1901, 1905, 1904, 1903, 1906, 1905, 1903, 1907, 1905, 1906, 1908, 1907, 1906, 1905, 1909, 1904, 1909, 1910, 1904, 1902, 1901, 1910, 1904, 1910, 1901, 1911, 1909, 1905, 1907, 1911, 1905, 1909, 1911, 1912, 1913, 1909, 1912, 1910, 1909, 1913, 1914, 1910, 1913, 1914, 1902, 1910, 1908, 1915, 1907, 1915, 1916, 1907, 1907, 1916, 1911, 1917, 1916, 1915, 1918, 1917, 1915, 1917, 1919, 1916, 1919, 1920, 1916, 1911, 1920, 1912, 1916, 1920, 1911, 1920, 1919, 1921, 1922, 1920, 1921, 1920, 1922, 1912, 1925, 1924, 1923, 1926, 1925, 1923, 1925, 1927, 1924, 1927, 1928, 1924, 1928, 1927, 1929, 1930, 1928, 1929, 1930, 1929, 1931, 1931, 1932, 1930, 1932, 1933, 1930, 1923, 1924, 1934, 1924, 1935, 1934, 1924, 1928, 1935, 1934, 1935, 1936, 1935, 1937, 1936, 1935, 1938, 1937, 1928, 1938, 1935, 1928, 1930, 1938, 1938, 1939, 1937, 1939, 1938, 1940, 1930, 1940, 1938, 1930, 1933, 1940, 1941, 1939, 1940, 1941, 1940, 1942, 1933, 1942, 1940, 1942, 1933, 1943, 1942, 1943, 1944, 1945, 1942, 1944, 1945, 1941, 1942, 1933, 1946, 1943, 1946, 1933, 1932, 1949, 1948, 1947, 1950, 1949, 1947, 1949, 1951, 1948, 1951, 1952, 1948, 1952, 1951, 1953, 1954, 1952, 1953, 1954, 1953, 1955, 1956, 1954, 1955, 1955, 1953, 1957, 1958, 1955, 1957, 1958, 1957, 1959, 1957, 1960, 1959, 1957, 1961, 1960, 1953, 1951, 1961, 1957, 1953, 1961, 1961, 1962, 1960, 1962, 1961, 1963, 1951, 1949, 1963, 1961, 1951, 1963, 1964, 1962, 1963, 1964, 1963, 1965, 1966, 1964, 1965, 1963, 1949, 1965, 1949, 1950, 1965, 1969, 1968, 1967, 1970, 1969, 1967, 1969, 1971, 1968, 1971, 1972, 1968, 1972, 1971, 1973, 1974, 1972, 1973, 1967, 1968, 1975, 1976, 1967, 1975, 1976, 1975, 1977, 1975, 1978, 1977, 1975, 1979, 1978, 1968, 1972, 1979, 1975, 1968, 1979, 1979, 1980, 1978, 1980, 1979, 1981, 1972, 1974, 1981, 1979, 1972, 1981, 1982, 1980, 1981, 1982, 1981, 1983, 1982, 1983, 1984, 1984, 1985, 1982, 1974, 1973, 1986, 1987, 1974, 1986, 1981, 1974, 1987, 1983, 1981, 1987, 1988, 1987, 1986, 1989, 1988, 1986, 1990, 1983, 1987, 1988, 1990, 1987, 1983, 1990, 1984, 1993, 1992, 1991, 1994, 1993, 1991, 1993, 1995, 1992, 1995, 1996, 1992, 1996, 1995, 1997, 1998, 1996, 1997, 1998, 1997, 1999, 2000, 1998, 1999, 2001, 1999, 1997, 2002, 2001, 1997, 2002, 1997, 1995, 2001, 2002, 2003, 2002, 2004, 2003, 2002, 2005, 2004, 2005, 1995, 1993, 2005, 2002, 1995, 2005, 2006, 2004, 2006, 2005, 2007, 2007, 1993, 1994, 2007, 2005, 1993, 2008, 2006, 2007, 2008, 2007, 2009, 2009, 2007, 1994, 2010, 2008, 2009, 2013, 2012, 2011, 2014, 2013, 2011, 2013, 2014, 2015, 2016, 2013, 2015, 2017, 2016, 2015, 2018, 2017, 2015, 2021, 2020, 2019, 2022, 2021, 2019, 2023, 2021, 2022, 2024, 2023, 2022, 2025, 2023, 2024, 2026, 2025, 2024, 2029, 2028, 2027, 2027, 2030, 2029, 2030, 2031, 2029, 2029, 2032, 2028, 2032, 2029, 2033, 2032, 2033, 2034, 2035, 2032, 2034, 2029, 2036, 2033, 2036, 2029, 2031, 2035, 2037, 2032, 2037, 2038, 2032, 2032, 2038, 2028, 2041, 2040, 2039, 2042, 2041, 2039, 2041, 2043, 2040, 2043, 2044, 2040, 2039, 2040, 2045, 2040, 2046, 2045, 2045, 2046, 2047, 2046, 2048, 2047, 2046, 2049, 2048, 2049, 2050, 2048, 2046, 2051, 2049, 2051, 2052, 2049, 2049, 2052, 2044, 2052, 2051, 2053, 2051, 2054, 2053, 2053, 2054, 2055, 2054, 2056, 2055, 2053, 2057, 2052, 2057, 2058, 2052, 2052, 2058, 2044, 2059, 2057, 2053, 2060, 2059, 2053, 2051, 2061, 2054, 2061, 2051, 2046, 2061, 2062, 2054, 2058, 2057, 2062, 2061, 2058, 2062, 2054, 2062, 2063, 2062, 2064, 2063, 2062, 2057, 2065, 2057, 2066, 2065, 2056, 2067, 2055, 2067, 2068, 2055, 2064, 2069, 2063, 2069, 2070, 2063, 2066, 2071, 2065, 2071, 2072, 2065, 2060, 2073, 2059, 2073, 2074, 2059, 2040, 2061, 2046, 2058, 2061, 2040, 2044, 2058, 2040, 2044, 2043, 2075, 2076, 2044, 2075, 2077, 2076, 2075, 2078, 2077, 2075, 2077, 2079, 2076, 2079, 2080, 2076, 2080, 2079, 2081, 2082, 2080, 2081, 2082, 2050, 2080, 2050, 2049, 2080, 2076, 2080, 2049, 2044, 2076, 2049, 2085, 2084, 2083, 2086, 2085, 2083, 2085, 2087, 2084, 2087, 2088, 2084, 2085, 2086, 2089, 2090, 2085, 2089, 2091, 2090, 2089, 2092, 2091, 2089, 2091, 2093, 2090, 2093, 2094, 2090, 2090, 2095, 2085, 2095, 2096, 2085, 2085, 2096, 2087, 2097, 2096, 2095, 2098, 2097, 2095, 2095, 2099, 2098, 2099, 2095, 2090, 2094, 2099, 2090, 2099, 2100, 2098, 2098, 2100, 2101, 2100, 2102, 2101, 2103, 2097, 2098, 2104, 2103, 2098, 2097, 2105, 2096, 2105, 2106, 2096, 2106, 2105, 2100, 2099, 2106, 2100, 2106, 2099, 2094, 2107, 2105, 2097, 2108, 2107, 2097, 2100, 2105, 2109, 2105, 2110, 2109, 2104, 2111, 2103, 2111, 2112, 2103, 2102, 2113, 2101, 2113, 2114, 2101, 2110, 2115, 2109, 2115, 2116, 2109, 2108, 2117, 2107, 2117, 2118, 2107, 2087, 2106, 2094, 2096, 2106, 2087, 2119, 2087, 2094, 2088, 2087, 2119, 2120, 2088, 2119, 2120, 2119, 2121, 2119, 2122, 2121, 2119, 2123, 2122, 2123, 2119, 2094, 2123, 2124, 2122, 2124, 2123, 2125, 2123, 2094, 2125, 2126, 2124, 2125, 2094, 2093, 2125, 2129, 2128, 2127, 2130, 2129, 2127, 2129, 2131, 2128, 2131, 2132, 2128, 2127, 2128, 2133, 2134, 2127, 2133, 2134, 2133, 2135, 2133, 2136, 2135, 2133, 2137, 2136, 2137, 2138, 2136, 2133, 2139, 2137, 2139, 2140, 2137, 2137, 2140, 2132, 2140, 2139, 2141, 2139, 2142, 2141, 2141, 2142, 2143, 2142, 2144, 2143, 2141, 2145, 2140, 2145, 2146, 2140, 2140, 2146, 2132, 2147, 2145, 2141, 2148, 2147, 2141, 2139, 2149, 2142, 2149, 2150, 2142, 2146, 2145, 2150, 2149, 2146, 2150, 2142, 2150, 2151, 2150, 2152, 2151, 2150, 2145, 2153, 2145, 2154, 2153, 2144, 2155, 2143, 2155, 2156, 2143, 2152, 2157, 2151, 2157, 2158, 2151, 2154, 2159, 2153, 2159, 2160, 2153, 2148, 2161, 2147, 2161, 2162, 2147, 2149, 2139, 2133, 2128, 2149, 2133, 2146, 2149, 2128, 2132, 2146, 2128, 2132, 2131, 2163, 2164, 2132, 2163, 2165, 2164, 2163, 2166, 2165, 2163, 2165, 2167, 2164, 2167, 2168, 2164, 2132, 2164, 2168, 2168, 2167, 2169, 2170, 2168, 2169, 2170, 2138, 2168, 2138, 2137, 2168, 2137, 2132, 2168, 2173, 2172, 2171, 2174, 2173, 2171, 2173, 2175, 2172, 2175, 2176, 2172, 2177, 2173, 2174, 2178, 2177, 2174, 2179, 2177, 2178, 2180, 2179, 2178, 2179, 2181, 2177, 2181, 2182, 2177, 2173, 2183, 2175, 2183, 2184, 2175, 2175, 2184, 2182, 2185, 2184, 2183, 2186, 2185, 2183, 2183, 2187, 2186, 2187, 2183, 2173, 2177, 2187, 2173, 2187, 2188, 2186, 2186, 2188, 2189, 2188, 2190, 2189, 2191, 2185, 2186, 2192, 2191, 2186, 2185, 2193, 2184, 2193, 2194, 2184, 2194, 2193, 2188, 2187, 2194, 2188, 2184, 2194, 2182, 2195, 2193, 2185, 2196, 2195, 2185, 2188, 2193, 2197, 2193, 2198, 2197, 2192, 2199, 2191, 2199, 2200, 2191, 2190, 2201, 2189, 2201, 2202, 2189, 2198, 2203, 2197, 2203, 2204, 2197, 2196, 2205, 2195, 2205, 2206, 2195, 2194, 2187, 2177, 2182, 2194, 2177, 2182, 2181, 2207, 2208, 2182, 2207, 2209, 2208, 2207, 2208, 2209, 2210, 2211, 2208, 2210, 2211, 2210, 2212, 2213, 2211, 2212, 2214, 2209, 2207, 2213, 2176, 2211, 2176, 2175, 2211, 2208, 2211, 2175, 2182, 2208, 2175, 2217, 2216, 2215, 2218, 2217, 2215, 2217, 2219, 2216, 2219, 2220, 2216, 2220, 2219, 2221, 2222, 2220, 2221, 2216, 2223, 2215, 2223, 2224, 2215, 2224, 2223, 2225, 2223, 2226, 2225, 2223, 2227, 2226, 2227, 2223, 2216, 2220, 2227, 2216, 2227, 2228, 2226, 2228, 2227, 2229, 2229, 2227, 2220, 2222, 2229, 2220, 2230, 2228, 2229, 2233, 2232, 2231, 2234, 2233, 2231, 2233, 2235, 2232, 2235, 2236, 2232, 2236, 2235, 2237, 2238, 2236, 2237, 2234, 2239, 2233, 2239, 2240, 2233, 2241, 2240, 2239, 2242, 2241, 2239, 2241, 2243, 2240, 2243, 2244, 2240, 2235, 2244, 2237, 2244, 2235, 2233, 2240, 2244, 2233, 2244, 2243, 2245, 2246, 2244, 2245, 2244, 2246, 2237, 2249, 2248, 2247, 2250, 2249, 2247, 2249, 2251, 2248, 2251, 2252, 2248, 2252, 2251, 2253, 2254, 2252, 2253, 2248, 2255, 2247, 2248, 2252, 2255, 2255, 2256, 2247, 2256, 2255, 2257, 2255, 2258, 2257, 2255, 2259, 2258, 2252, 2259, 2255, 2259, 2260, 2258, 2260, 2259, 2261, 2261, 2259, 2252, 2254, 2261, 2252, 2262, 2260, 2261, 2265, 2264, 2263, 2266, 2265, 2263, 2265, 2267, 2264, 2267, 2268, 2264, 2268, 2267, 2269, 2270, 2268, 2269, 2264, 2271, 2263, 2271, 2272, 2263, 2270, 2273, 2268, 2273, 2274, 2268, 2274, 2271, 2264, 2268, 2274, 2264, 2277, 2276, 2275, 2278, 2277, 2275, 2277, 2279, 2276, 2279, 2280, 2276, 2280, 2279, 2281, 2282, 2280, 2281, 2279, 2283, 2281, 2283, 2279, 2277, 2283, 2284, 2281, 2278, 2285, 2277, 2285, 2286, 2277, 2286, 2283, 2277, 2289, 2288, 2287, 2290, 2289, 2287, 2289, 2291, 2288, 2291, 2292, 2288, 2292, 2291, 2293, 2294, 2292, 2293, 2294, 2295, 2292, 2295, 2296, 2292, 2288, 2297, 2287, 2292, 2296, 2297, 2288, 2292, 2297, 2297, 2298, 2287, 2301, 2300, 2299, 2302, 2301, 2299, 2301, 2303, 2300, 2303, 2304, 2300, 2304, 2303, 2305, 2306, 2304, 2305, 2302, 2307, 2301, 2307, 2308, 2301, 2301, 2308, 2303, 2303, 2309, 2305, 2308, 2309, 2303, 2309, 2310, 2305, 2313, 2312, 2311, 2311, 2314, 2313, 2311, 2315, 2314, 2313, 2314, 2316, 2317, 2313, 2316, 2313, 2317, 2312, 2318, 2317, 2316, 2318, 2316, 2319, 2320, 2318, 2319, 2316, 2321, 2319, 2314, 2321, 2316, 2321, 2322, 2319, 2325, 2324, 2323, 2326, 2325, 2323, 2325, 2327, 2324, 2327, 2328, 2324, 2328, 2327, 2329, 2330, 2328, 2329, 2326, 2331, 2325, 2331, 2332, 2325, 2325, 2332, 2327, 2333, 2332, 2331, 2334, 2333, 2331, 2333, 2335, 2332, 2335, 2336, 2332, 2327, 2336, 2329, 2332, 2336, 2327, 2336, 2335, 2337, 2338, 2336, 2337, 2336, 2338, 2329, 2341, 2340, 2339, 2342, 2341, 2339, 2341, 2343, 2340, 2343, 2344, 2340, 2344, 2343, 2345, 2346, 2344, 2345, 2340, 2347, 2339, 2347, 2340, 2344, 2347, 2348, 2339, 2348, 2347, 2349, 2347, 2350, 2349, 2347, 2351, 2350, 2351, 2347, 2344, 2351, 2352, 2350, 2352, 2351, 2353, 2353, 2351, 2344, 2346, 2353, 2344, 2354, 2352, 2353, 2357, 2356, 2355, 2358, 2357, 2355, 2357, 2359, 2356, 2359, 2360, 2356, 2360, 2359, 2361, 2362, 2360, 2361, 2358, 2363, 2357, 2363, 2364, 2357, 2365, 2364, 2363, 2366, 2365, 2363, 2365, 2367, 2364, 2367, 2368, 2364, 2359, 2368, 2361, 2357, 2364, 2368, 2359, 2357, 2368, 2368, 2367, 2369, 2370, 2368, 2369, 2368, 2370, 2361, 2373, 2372, 2371, 2374, 2373, 2371, 2373, 2375, 2372, 2375, 2376, 2372, 2376, 2375, 2377, 2378, 2376, 2377, 2372, 2379, 2371, 2379, 2380, 2371, 2380, 2379, 2381, 2379, 2382, 2381, 2379, 2383, 2382, 2383, 2379, 2372, 2376, 2383, 2372, 2383, 2384, 2382, 2384, 2383, 2385, 2385, 2383, 2376, 2378, 2385, 2376, 2386, 2384, 2385, 2389, 2388, 2387, 2390, 2389, 2387, 2389, 2391, 2388, 2391, 2392, 2388, 2392, 2391, 2393, 2394, 2392, 2393, 2388, 2395, 2387, 2395, 2388, 2392, 2395, 2396, 2387, 2394, 2397, 2392, 2397, 2398, 2392, 2398, 2395, 2392, 2395, 2399, 2396, 2399, 2395, 2398, 2399, 2400, 2396, 2401, 2400, 2399, 2402, 2401, 2399, 2399, 2403, 2402, 2403, 2399, 2398, 2403, 2404, 2402, 2403, 2405, 2404, 2405, 2403, 2398, 2397, 2405, 2398, 2405, 2406, 2404, 2409, 2408, 2407, 2410, 2409, 2407, 2409, 2411, 2408, 2411, 2412, 2408, 2412, 2411, 2413, 2414, 2412, 2413, 2410, 2415, 2409, 2415, 2416, 2409, 2409, 2416, 2411, 2411, 2417, 2413, 2416, 2417, 2411, 2417, 2418, 2413, 2415, 2419, 2416, 2419, 2420, 2416, 2416, 2420, 2417, 2420, 2419, 2421, 2419, 2422, 2421, 2421, 2423, 2420, 2423, 2424, 2420, 2417, 2424, 2418, 2420, 2424, 2417, 2423, 2425, 2424, 2425, 2426, 2424, 2424, 2426, 2418, 2429, 2428, 2427, 2430, 2429, 2427, 2429, 2431, 2428, 2431, 2432, 2428, 2432, 2431, 2433, 2434, 2432, 2433, 2430, 2435, 2429, 2435, 2436, 2429, 2431, 2437, 2433, 2429, 2436, 2437, 2431, 2429, 2437, 2437, 2438, 2433, 2435, 2439, 2436, 2439, 2440, 2436, 2440, 2439, 2441, 2439, 2442, 2441, 2441, 2443, 2440, 2443, 2444, 2440, 2437, 2444, 2438, 2436, 2440, 2444, 2437, 2436, 2444, 2443, 2445, 2444, 2445, 2446, 2444, 2444, 2446, 2438, 2449, 2448, 2447, 2450, 2449, 2447, 2449, 2451, 2448, 2451, 2452, 2448, 2452, 2451, 2453, 2454, 2452, 2453, 2448, 2455, 2447, 2455, 2456, 2447, 2454, 2457, 2452, 2457, 2458, 2452, 2458, 2455, 2448, 2452, 2458, 2448, 2455, 2459, 2456, 2459, 2460, 2456, 2461, 2460, 2459, 2462, 2461, 2459, 2459, 2463, 2462, 2463, 2459, 2455, 2458, 2463, 2455, 2463, 2464, 2462, 2463, 2465, 2464, 2465, 2463, 2458, 2457, 2465, 2458, 2465, 2466, 2464, 2469, 2468, 2467, 2470, 2469, 2467, 2467, 2471, 2470, 2471, 2472, 2470, 2471, 2473, 2472, 2473, 2474, 2472, 2468, 2469, 2475, 2476, 2468, 2475, 2475, 2477, 2476, 2477, 2475, 2469, 2477, 2478, 2476, 2477, 2479, 2478, 2469, 2479, 2477, 2469, 2470, 2479, 2479, 2480, 2478, 2474, 2473, 2481, 2482, 2474, 2481, 2481, 2483, 2482, 2483, 2484, 2482, 2483, 2485, 2484, 2485, 2486, 2484, 2474, 2482, 2486, 2482, 2484, 2486, 2480, 2479, 2487, 2488, 2480, 2487, 2487, 2489, 2488, 2474, 2486, 2489, 2489, 2490, 2488, 2486, 2485, 2490, 2489, 2486, 2490, 2470, 2487, 2479, 2470, 2472, 2487, 2472, 2489, 2487, 2472, 2474, 2489, 2493, 2492, 2491, 2494, 2493, 2491, 2491, 2495, 2494, 2495, 2496, 2494, 2493, 2497, 2492, 2497, 2498, 2492, 2496, 2495, 2499, 2500, 2496, 2499, 2499, 2501, 2500, 2501, 2499, 2495, 2501, 2502, 2500, 2501, 2503, 2502, 2503, 2495, 2491, 2503, 2501, 2495, 2503, 2504, 2502, 2498, 2497, 2505, 2506, 2498, 2505, 2505, 2507, 2506, 2507, 2508, 2506, 2507, 2509, 2508, 2509, 2510, 2508, 2506, 2508, 2510, 2510, 2498, 2506, 2504, 2503, 2511, 2512, 2504, 2511, 2511, 2513, 2512, 2510, 2513, 2498, 2513, 2514, 2512, 2510, 2509, 2514, 2513, 2510, 2514, 2513, 2511, 2492, 2513, 2492, 2498, 2511, 2491, 2492, 2511, 2503, 2491, 2517, 2516, 2515, 2518, 2517, 2515, 2515, 2519, 2518, 2519, 2520, 2518, 2517, 2521, 2516, 2521, 2522, 2516, 2520, 1786, 2518, 1786, 1783, 2518, 2517, 1794, 2521, 1794, 2517, 2518, 1783, 1794, 2518, 1794, 1795, 2521, 2525, 2524, 2523, 2526, 2525, 2523, 2523, 2527, 2526, 2527, 2528, 2526, 2525, 2529, 2524, 2529, 2530, 2524, 2528, 1886, 2526, 1886, 1883, 2526, 2525, 1893, 2529, 2526, 1883, 1893, 2525, 2526, 1893, 1893, 1895, 2529]; 
        mode = TRIANGLES; 
        material = Material{
            name = "LanternPost_Mat"; 
            double_sided = false; 
            alpha_mode = OPAQUE; 
            alpha_cutoff = 0.5; 
            pbr_metallic_roughness = PBR_Metallic_Roughness{
                base_color_factor = Vector4{
                    x = 1; 
                    y = 1; 
                    z = 1; 
                    w = 1; 
                }; 
                metallic_factor = 1; 
                roughness_factor = 1; 
                base_color_texture = Texture{
                    image_path = "/home/irving_wash/Documents/PPG/Jai_GLTF/./assets/lantern/Image_0.png"; 
                    mag_filter = LINEAR; 
                    min_filter = LINEAR_MIPMAP_LINEAR; 
                    wrap_s = REPEAT; 
                    wrap_t = REPEAT; 
                }; 
                metallic_roughness_texture = Texture{
                    image_path = "/home/irving_wash/Documents/PPG/Jai_GLTF/./assets/lantern/Image_1.png"; 
                    mag_filter = LINEAR; 
                    min_filter = LINEAR_MIPMAP_LINEAR; 
                    wrap_s = REPEAT; 
                    wrap_t = REPEAT; 
                }; 
            }; 
            normal_texture = Normal_Texture{
                scale = 1; 
                texture = Texture{
                    image_path = "/home/irving_wash/Documents/PPG/Jai_GLTF/./assets/lantern/Image_2.png"; 
                    mag_filter = LINEAR; 
                    min_filter = LINEAR_MIPMAP_LINEAR; 
                    wrap_s = REPEAT; 
                    wrap_t = REPEAT; 
                }; 
            }; 
            occlusion_texture = Occlusion_Texture{
                strength = 1; 
                texture = Texture{
                    image_path = ""; 
                    mag_filter = UNKNOWN; 
                    min_filter = UNKNOWN; 
                    wrap_s = REPEAT; 
                    wrap_t = REPEAT; 
                }; 
            }; 
            emissive_texture = Emissive_Texture{
                factor = Vector3{
                    x = 1; 
                    y = 1; 
                    z = 1; 
                }; 
                texture = Texture{
                    image_path = "/home/irving_wash/Documents/PPG/Jai_GLTF/./assets/lantern/Image_3.png"; 
                    mag_filter = LINEAR; 
                    min_filter = LINEAR_MIPMAP_LINEAR; 
                    wrap_s = REPEAT; 
                    wrap_t = REPEAT; 
                }; 
            }; 
        }; 
        min_position = Vector3{
            x = -1.034082; 
            y = -2.529281; 
            z = -1.034085; 
        }; 
        max_position = Vector3{
            x = 1.034082; 
            y = 2.529281; 
            z = 1.034085; 
        }; 
    }]; 
}